date,home_team,away_team,home_score,away_score,neutral,overtime,game_id,sport,season,notes,game_id_pred,p_home_win,win_prob_dist,pred_margin,pred_total,model_id,home_win,actual_margin
2025-10-25,Orlando Magic,Chicago Bulls,98.0,110.0,False,False,2025-10-25|Chicago Bulls|Orlando Magic,,,,2025-10-25|Chicago Bulls|Orlando Magic,0.039495937968499345,"[{""p_home_win"": 0.039495937968499345, ""weight"": 1.0}]",-3.1912603809012916,,bradley_terry_hfa,0.0,-12.0
2025-10-25,Atlanta Hawks,Oklahoma City Thunder,100.0,117.0,False,False,2025-10-25|Oklahoma City Thunder|Atlanta Hawks,,,,2025-10-25|Oklahoma City Thunder|Atlanta Hawks,0.5784143307250034,"[{""p_home_win"": 0.5784143307250034, ""weight"": 1.0}]",0.31626744166691223,,bradley_terry_hfa,0.0,-17.0
2025-10-25,Philadelphia 76ers,Charlotte Hornets,125.0,121.0,False,False,2025-10-25|Charlotte Hornets|Philadelphia 76ers,,,,2025-10-25|Charlotte Hornets|Philadelphia 76ers,0.9811609977899387,"[{""p_home_win"": 0.9811609977899387, ""weight"": 1.0}]",3.9528072555973006,,bradley_terry_hfa,1.0,4.0
2025-10-25,Memphis Grizzlies,Indiana Pacers,128.0,103.0,False,False,2025-10-25|Indiana Pacers|Memphis Grizzlies,,,,2025-10-25|Indiana Pacers|Memphis Grizzlies,0.24600096885838516,"[{""p_home_win"": 0.24600096885838516, ""weight"": 1.0}]",-1.1200556086757327,,bradley_terry_hfa,1.0,25.0
2025-10-25,Denver Nuggets,Phoenix Suns,133.0,111.0,False,False,2025-10-25|Phoenix Suns|Denver Nuggets,,,,2025-10-25|Phoenix Suns|Denver Nuggets,0.559717569425798,"[{""p_home_win"": 0.559717569425798, ""weight"": 1.0}]",0.2400159075365953,,bradley_terry_hfa,1.0,22.0
2025-10-26,San Antonio Spurs,Brooklyn Nets,118.0,107.0,False,False,2025-10-26|Brooklyn Nets|San Antonio Spurs,,,,2025-10-26|Brooklyn Nets|San Antonio Spurs,0.9999436425454565,"[{""p_home_win"": 0.9999436425454565, ""weight"": 1.0}]",9.783739677148215,,bradley_terry_hfa,1.0,11.0
2025-10-26,Detroit Pistons,Boston Celtics,119.0,113.0,False,False,2025-10-26|Boston Celtics|Detroit Pistons,,,,2025-10-26|Boston Celtics|Detroit Pistons,0.9989152527908649,"[{""p_home_win"": 0.9989152527908649, ""weight"": 1.0}]",6.825322970134547,,bradley_terry_hfa,1.0,6.0
2025-10-26,Washington Wizards,Charlotte Hornets,113.0,139.0,False,False,2025-10-26|Charlotte Hornets|Washington Wizards,,,,2025-10-26|Charlotte Hornets|Washington Wizards,0.9883246477832199,"[{""p_home_win"": 0.9883246477832199, ""weight"": 1.0}]",4.438531263086692,,bradley_terry_hfa,0.0,-26.0
2025-10-26,Miami Heat,New York Knicks,115.0,107.0,False,False,2025-10-26|New York Knicks|Miami Heat,,,,2025-10-26|New York Knicks|Miami Heat,0.05213009024353073,"[{""p_home_win"": 0.05213009024353073, ""weight"": 1.0}]",-2.9004749369401694,,bradley_terry_hfa,1.0,8.0
2025-10-26,Cleveland Cavaliers,Milwaukee Bucks,118.0,113.0,False,False,2025-10-26|Milwaukee Bucks|Cleveland Cavaliers,,,,2025-10-26|Milwaukee Bucks|Cleveland Cavaliers,0.002417090851965857,"[{""p_home_win"": 0.002417090851965857, ""weight"": 1.0}]",-6.022770572503221,,bradley_terry_hfa,1.0,5.0
2025-10-26,Minnesota Timberwolves,Indiana Pacers,114.0,110.0,False,False,2025-10-26|Indiana Pacers|Minnesota Timberwolves,,,,2025-10-26|Indiana Pacers|Minnesota Timberwolves,0.9999710808532389,"[{""p_home_win"": 0.9999710808532389, ""weight"": 1.0}]",10.450977744964817,,bradley_terry_hfa,1.0,4.0
2025-10-26,Dallas Mavericks,Toronto Raptors,139.0,129.0,False,False,2025-10-26|Toronto Raptors|Dallas Mavericks,,,,2025-10-26|Toronto Raptors|Dallas Mavericks,0.0008722182770530864,"[{""p_home_win"": 0.0008722182770530864, ""weight"": 1.0}]",-7.043598248777375,,bradley_terry_hfa,1.0,10.0
2025-10-26,Sacramento Kings,Los Angeles Lakers,120.0,127.0,False,False,2025-10-26|Los Angeles Lakers|Sacramento Kings,,,,2025-10-26|Los Angeles Lakers|Sacramento Kings,0.8043943659708112,"[{""p_home_win"": 0.8043943659708112, ""weight"": 1.0}]",1.4139890928434584,,bradley_terry_hfa,0.0,-7.0
2025-10-26,Los Angeles Clippers,Portland Trail Blazers,114.0,107.0,False,False,2025-10-26|Portland Trail Blazers|Los Angeles Clippers,,,,2025-10-26|Portland Trail Blazers|Los Angeles Clippers,0.8051064528684282,"[{""p_home_win"": 0.8051064528684282, ""weight"": 1.0}]",1.4185210109101167,,bradley_terry_hfa,1.0,7.0
2025-10-27,Detroit Pistons,Cleveland Cavaliers,95.0,116.0,False,False,2025-10-27|Cleveland Cavaliers|Detroit Pistons,,,,2025-10-27|Cleveland Cavaliers|Detroit Pistons,0.9455770373202126,"[{""p_home_win"": 0.9455770373202126, ""weight"": 1.0}]",2.8550091897594916,,bradley_terry_hfa,0.0,-21.0
2025-10-27,Philadelphia 76ers,Orlando Magic,136.0,124.0,False,False,2025-10-27|Orlando Magic|Philadelphia 76ers,,,,2025-10-27|Orlando Magic|Philadelphia 76ers,0.9999990398041247,"[{""p_home_win"": 0.9999990398041247, ""weight"": 1.0}]",13.856127576364287,,bradley_terry_hfa,1.0,12.0
2025-10-27,Chicago Bulls,Atlanta Hawks,128.0,123.0,False,False,2025-10-27|Atlanta Hawks|Chicago Bulls,,,,2025-10-27|Atlanta Hawks|Chicago Bulls,0.9998672729381145,"[{""p_home_win"": 0.9998672729381145, ""weight"": 1.0}]",8.927082968724886,,bradley_terry_hfa,1.0,5.0
2025-10-27,Houston Rockets,Brooklyn Nets,137.0,109.0,False,False,2025-10-27|Brooklyn Nets|Houston Rockets,,,,2025-10-27|Brooklyn Nets|Houston Rockets,0.9410626846574223,"[{""p_home_win"": 0.9410626846574223, ""weight"": 1.0}]",2.770535325022533,,bradley_terry_hfa,1.0,28.0
2025-10-27,New Orleans Pelicans,Boston Celtics,90.0,122.0,False,False,2025-10-27|Boston Celtics|New Orleans Pelicans,,,,2025-10-27|Boston Celtics|New Orleans Pelicans,0.4229550957289568,"[{""p_home_win"": 0.4229550957289568, ""weight"": 1.0}]",-0.31065407043118176,,bradley_terry_hfa,0.0,-32.0
2025-10-27,San Antonio Spurs,Toronto Raptors,121.0,103.0,False,False,2025-10-27|Toronto Raptors|San Antonio Spurs,,,,2025-10-27|Toronto Raptors|San Antonio Spurs,0.998997416103499,"[{""p_home_win"": 0.998997416103499, ""weight"": 1.0}]",6.904171628182516,,bradley_terry_hfa,1.0,18.0
2025-10-27,Dallas Mavericks,Oklahoma City Thunder,94.0,101.0,False,False,2025-10-27|Oklahoma City Thunder|Dallas Mavericks,,,,2025-10-27|Oklahoma City Thunder|Dallas Mavericks,0.04214902101728703,"[{""p_home_win"": 0.04214902101728703, ""weight"": 1.0}]",-3.123480753556745,,bradley_terry_hfa,0.0,-7.0
2025-10-27,Utah Jazz,Phoenix Suns,138.0,134.0,False,False,2025-10-27|Phoenix Suns|Utah Jazz,,,,2025-10-27|Phoenix Suns|Utah Jazz,0.9322762809875532,"[{""p_home_win"": 0.9322762809875532, ""weight"": 1.0}]",2.622192736336751,,bradley_terry_hfa,1.0,4.0
2025-10-27,Minnesota Timberwolves,Denver Nuggets,114.0,127.0,False,False,2025-10-27|Denver Nuggets|Minnesota Timberwolves,,,,2025-10-27|Denver Nuggets|Minnesota Timberwolves,0.9956420618546667,"[{""p_home_win"": 0.9956420618546667, ""weight"": 1.0}]",5.431388774284946,,bradley_terry_hfa,0.0,-13.0
2025-10-27,Golden State Warriors,Memphis Grizzlies,131.0,118.0,False,False,2025-10-27|Memphis Grizzlies|Golden State Warriors,,,,2025-10-27|Memphis Grizzlies|Golden State Warriors,0.999990579373228,"[{""p_home_win"": 0.999990579373228, ""weight"": 1.0}]",11.57259951462138,,bradley_terry_hfa,1.0,13.0
2025-10-27,Los Angeles Lakers,Portland Trail Blazers,108.0,122.0,False,False,2025-10-27|Portland Trail Blazers|Los Angeles Lakers,,,,2025-10-27|Portland Trail Blazers|Los Angeles Lakers,0.9681409173072434,"[{""p_home_win"": 0.9681409173072434, ""weight"": 1.0}]",3.4140551401602193,,bradley_terry_hfa,0.0,-14.0
2025-10-28,Washington Wizards,Philadelphia 76ers,134.0,139.0,False,False,2025-10-28|Philadelphia 76ers|Washington Wizards,,,,2025-10-28|Philadelphia 76ers|Washington Wizards,0.07666912524326082,"[{""p_home_win"": 0.07666912524326082, ""weight"": 1.0}]",-2.4884885596601323,,bradley_terry_hfa,0.0,-5.0
2025-10-28,Miami Heat,Charlotte Hornets,144.0,117.0,False,False,2025-10-28|Charlotte Hornets|Miami Heat,,,,2025-10-28|Charlotte Hornets|Miami Heat,0.008372229587930411,"[{""p_home_win"": 0.008372229587930411, ""weight"": 1.0}]",-4.774427577913251,,bradley_terry_hfa,1.0,27.0
2025-10-28,Milwaukee Bucks,New York Knicks,121.0,111.0,False,False,2025-10-28|New York Knicks|Milwaukee Bucks,,,,2025-10-28|New York Knicks|Milwaukee Bucks,0.9877635066899092,"[{""p_home_win"": 0.9877635066899092, ""weight"": 1.0}]",4.391020561633629,,bradley_terry_hfa,1.0,10.0
2025-10-28,Oklahoma City Thunder,Sacramento Kings,107.0,101.0,False,False,2025-10-28|Sacramento Kings|Oklahoma City Thunder,,,,2025-10-28|Sacramento Kings|Oklahoma City Thunder,0.9999427296802974,"[{""p_home_win"": 0.9999427296802974, ""weight"": 1.0}]",9.767670777241209,,bradley_terry_hfa,1.0,6.0
2025-10-28,Golden State Warriors,Los Angeles Clippers,98.0,79.0,False,False,2025-10-28|Los Angeles Clippers|Golden State Warriors,,,,2025-10-28|Los Angeles Clippers|Golden State Warriors,0.9928245357145997,"[{""p_home_win"": 0.9928245357145997, ""weight"": 1.0}]",4.929886478919176,,bradley_terry_hfa,1.0,19.0
2025-10-29,Toronto Raptors,Houston Rockets,121.0,139.0,False,False,2025-10-29|Houston Rockets|Toronto Raptors,,,,2025-10-29|Houston Rockets|Toronto Raptors,0.9986891904050783,"[{""p_home_win"": 0.9986891904050783, ""weight"": 1.0}]",6.635798651811459,,bradley_terry_hfa,0.0,-18.0
2025-10-29,Boston Celtics,Cleveland Cavaliers,125.0,105.0,False,False,2025-10-29|Cleveland Cavaliers|Boston Celtics,,,,2025-10-29|Cleveland Cavaliers|Boston Celtics,0.04372174741637225,"[{""p_home_win"": 0.04372174741637225, ""weight"": 1.0}]",-3.085203299027642,,bradley_terry_hfa,1.0,20.0
2025-10-29,Detroit Pistons,Orlando Magic,135.0,116.0,False,False,2025-10-29|Orlando Magic|Detroit Pistons,,,,2025-10-29|Orlando Magic|Detroit Pistons,0.9526292887542862,"[{""p_home_win"": 0.9526292887542862, ""weight"": 1.0}]",3.0012217025047554,,bradley_terry_hfa,1.0,19.0
2025-10-29,Brooklyn Nets,Atlanta Hawks,112.0,117.0,False,False,2025-10-29|Atlanta Hawks|Brooklyn Nets,,,,2025-10-29|Atlanta Hawks|Brooklyn Nets,0.035292899176960026,"[{""p_home_win"": 0.035292899176960026, ""weight"": 1.0}]",-3.3081427455590284,,bradley_terry_hfa,0.0,-5.0
2025-10-29,Chicago Bulls,Sacramento Kings,126.0,113.0,False,False,2025-10-29|Sacramento Kings|Chicago Bulls,,,,2025-10-29|Sacramento Kings|Chicago Bulls,0.9998508488673611,"[{""p_home_win"": 0.9998508488673611, ""weight"": 1.0}]",8.810401290817072,,bradley_terry_hfa,1.0,13.0
2025-10-29,Dallas Mavericks,Indiana Pacers,107.0,105.0,False,False,2025-10-29|Indiana Pacers|Dallas Mavericks,,,,2025-10-29|Indiana Pacers|Dallas Mavericks,0.9941872626428919,"[{""p_home_win"": 0.9941872626428919, ""weight"": 1.0}]",5.141873976202509,,bradley_terry_hfa,1.0,2.0
2025-10-29,Utah Jazz,Portland Trail Blazers,134.0,136.0,False,False,2025-10-29|Portland Trail Blazers|Utah Jazz,,,,2025-10-29|Portland Trail Blazers|Utah Jazz,0.3957375653126324,"[{""p_home_win"": 0.3957375653126324, ""weight"": 1.0}]",-0.42325732037931907,,bradley_terry_hfa,0.0,-2.0
2025-10-29,Denver Nuggets,New Orleans Pelicans,122.0,88.0,False,False,2025-10-29|New Orleans Pelicans|Denver Nuggets,,,,2025-10-29|New Orleans Pelicans|Denver Nuggets,0.9999959260934864,"[{""p_home_win"": 0.9999959260934864, ""weight"": 1.0}]",12.410904113591844,,bradley_terry_hfa,1.0,34.0
2025-10-29,Minnesota Timberwolves,Los Angeles Lakers,115.0,116.0,False,False,2025-10-29|Los Angeles Lakers|Minnesota Timberwolves,,,,2025-10-29|Los Angeles Lakers|Minnesota Timberwolves,0.9697442057867982,"[{""p_home_win"": 0.9697442057867982, ""weight"": 1.0}]",3.467344620973944,,bradley_terry_hfa,0.0,-1.0
2025-10-29,Phoenix Suns,Memphis Grizzlies,113.0,114.0,False,False,2025-10-29|Memphis Grizzlies|Phoenix Suns,,,,2025-10-29|Memphis Grizzlies|Phoenix Suns,0.9530688699803374,"[{""p_home_win"": 0.9530688699803374, ""weight"": 1.0}]",3.0110059591991525,,bradley_terry_hfa,0.0,-1.0
2025-10-30,Charlotte Hornets,Orlando Magic,107.0,123.0,False,False,2025-10-30|Orlando Magic|Charlotte Hornets,,,,2025-10-30|Orlando Magic|Charlotte Hornets,0.9650692636961491,"[{""p_home_win"": 0.9650692636961491, ""weight"": 1.0}]",3.3188327366058754,,bradley_terry_hfa,0.0,-16.0
2025-10-30,Milwaukee Bucks,Golden State Warriors,120.0,110.0,False,False,2025-10-30|Golden State Warriors|Milwaukee Bucks,,,,2025-10-30|Golden State Warriors|Milwaukee Bucks,0.8508644077549771,"[{""p_home_win"": 0.8508644077549771, ""weight"": 1.0}]",1.7413968758406368,,bradley_terry_hfa,1.0,10.0
2025-10-30,Oklahoma City Thunder,Washington Wizards,127.0,108.0,False,False,2025-10-30|Washington Wizards|Oklahoma City Thunder,,,,2025-10-30|Washington Wizards|Oklahoma City Thunder,0.9961162296952615,"[{""p_home_win"": 0.9961162296952615, ""weight"": 1.0}]",5.547057537418756,,bradley_terry_hfa,1.0,19.0
2025-10-30,San Antonio Spurs,Miami Heat,107.0,101.0,False,False,2025-10-30|Miami Heat|San Antonio Spurs,,,,2025-10-30|Miami Heat|San Antonio Spurs,0.9400534628033772,"[{""p_home_win"": 0.9400534628033772, ""weight"": 1.0}]",2.752483630688413,,bradley_terry_hfa,1.0,6.0
2025-10-31,Indiana Pacers,Atlanta Hawks,108.0,128.0,False,False,2025-10-31|Atlanta Hawks|Indiana Pacers,,,,2025-10-31|Atlanta Hawks|Indiana Pacers,0.008612326349796062,"[{""p_home_win"": 0.008612326349796062, ""weight"": 1.0}]",-4.745911178674807,,bradley_terry_hfa,0.0,-20.0
2025-10-31,Philadelphia 76ers,Boston Celtics,108.0,109.0,False,False,2025-10-31|Boston Celtics|Philadelphia 76ers,,,,2025-10-31|Boston Celtics|Philadelphia 76ers,0.9931266412558011,"[{""p_home_win"": 0.9931266412558011, ""weight"": 1.0}]",4.973205302971159,,bradley_terry_hfa,0.0,-1.0
2025-10-31,Cleveland Cavaliers,Toronto Raptors,101.0,112.0,False,False,2025-10-31|Toronto Raptors|Cleveland Cavaliers,,,,2025-10-31|Toronto Raptors|Cleveland Cavaliers,0.9866219026812567,"[{""p_home_win"": 0.9866219026812567, ""weight"": 1.0}]",4.300668047510855,,bradley_terry_hfa,0.0,-11.0
2025-10-31,Chicago Bulls,New York Knicks,135.0,125.0,False,False,2025-10-31|New York Knicks|Chicago Bulls,,,,2025-10-31|New York Knicks|Chicago Bulls,0.9867518890604836,"[{""p_home_win"": 0.9867518890604836, ""weight"": 1.0}]",4.310563657302219,,bradley_terry_hfa,1.0,10.0
2025-10-31,Memphis Grizzlies,Los Angeles Lakers,112.0,117.0,False,False,2025-10-31|Los Angeles Lakers|Memphis Grizzlies,,,,2025-10-31|Los Angeles Lakers|Memphis Grizzlies,0.6223549632955933,"[{""p_home_win"": 0.6223549632955933, ""weight"": 1.0}]",0.49955591241009123,,bradley_terry_hfa,0.0,-5.0
2025-10-31,Phoenix Suns,Utah Jazz,118.0,96.0,False,False,2025-10-31|Utah Jazz|Phoenix Suns,,,,2025-10-31|Utah Jazz|Phoenix Suns,0.4209660407846162,"[{""p_home_win"": 0.4209660407846162, ""weight"": 1.0}]",-0.3188089601381915,,bradley_terry_hfa,1.0,22.0
2025-10-31,Portland Trail Blazers,Denver Nuggets,109.0,107.0,False,False,2025-10-31|Denver Nuggets|Portland Trail Blazers,,,,2025-10-31|Denver Nuggets|Portland Trail Blazers,0.4800633562146013,"[{""p_home_win"": 0.4800633562146013, ""weight"": 1.0}]",-0.07978887797278444,,bradley_terry_hfa,1.0,2.0
2025-10-31,Los Angeles Clippers,New Orleans Pelicans,126.0,124.0,False,False,2025-10-31|New Orleans Pelicans|Los Angeles Clippers,,,,2025-10-31|New Orleans Pelicans|Los Angeles Clippers,0.9811044952394445,"[{""p_home_win"": 0.9811044952394445, ""weight"": 1.0}]",3.949754922575478,,bradley_terry_hfa,1.0,2.0
2025-11-01,Milwaukee Bucks,Sacramento Kings,133.0,135.0,False,False,2025-11-01|Sacramento Kings|Milwaukee Bucks,,,,2025-11-01|Sacramento Kings|Milwaukee Bucks,0.9944991764863409,"[{""p_home_win"": 0.9944991764863409, ""weight"": 1.0}]",5.19734145943942,,bradley_terry_hfa,0.0,-2.0
2025-11-01,Charlotte Hornets,Minnesota Timberwolves,105.0,122.0,False,False,2025-11-01|Minnesota Timberwolves|Charlotte Hornets,,,,2025-11-01|Minnesota Timberwolves|Charlotte Hornets,0.795377381154186,"[{""p_home_win"": 0.795377381154186, ""weight"": 1.0}]",1.3576492963481042,,bradley_terry_hfa,0.0,-17.0
2025-11-01,Indiana Pacers,Golden State Warriors,114.0,109.0,False,False,2025-11-01|Golden State Warriors|Indiana Pacers,,,,2025-11-01|Golden State Warriors|Indiana Pacers,0.002086970482391655,"[{""p_home_win"": 0.002086970482391655, ""weight"": 1.0}]",-6.169952643306501,,bradley_terry_hfa,1.0,5.0
2025-11-01,Washington Wizards,Orlando Magic,94.0,125.0,False,False,2025-11-01|Orlando Magic|Washington Wizards,,,,2025-11-01|Orlando Magic|Washington Wizards,0.2630977075341677,"[{""p_home_win"": 0.2630977075341677, ""weight"": 1.0}]",-1.0299298340061114,,bradley_terry_hfa,0.0,-31.0
2025-11-01,Boston Celtics,Houston Rockets,101.0,128.0,False,False,2025-11-01|Houston Rockets|Boston Celtics,,,,2025-11-01|Houston Rockets|Boston Celtics,0.6007303358973258,"[{""p_home_win"": 0.6007303358973258, ""weight"": 1.0}]",0.4085091030045621,,bradley_terry_hfa,0.0,-27.0
2025-11-01,Detroit Pistons,Dallas Mavericks,122.0,110.0,False,False,2025-11-01|Dallas Mavericks|Detroit Pistons,,,,2025-11-01|Dallas Mavericks|Detroit Pistons,0.9421298122291862,"[{""p_home_win"": 0.9421298122291862, ""weight"": 1.0}]",2.7899407097154367,,bradley_terry_hfa,1.0,12.0
2025-11-02,Oklahoma City Thunder,New Orleans Pelicans,137.0,106.0,False,False,2025-11-02|New Orleans Pelicans|Oklahoma City Thunder,,,,2025-11-02|New Orleans Pelicans|Oklahoma City Thunder,0.9999873629210352,"[{""p_home_win"": 0.9999873629210352, ""weight"": 1.0}]",11.278862653347776,,bradley_terry_hfa,1.0,31.0
2025-11-02,Brooklyn Nets,Philadelphia 76ers,105.0,129.0,False,False,2025-11-02|Philadelphia 76ers|Brooklyn Nets,,,,2025-11-02|Philadelphia 76ers|Brooklyn Nets,0.0015316969970597502,"[{""p_home_win"": 0.0015316969970597502, ""weight"": 1.0}]",-6.4798461385792505,,bradley_terry_hfa,0.0,-24.0
2025-11-02,Charlotte Hornets,Utah Jazz,126.0,103.0,False,False,2025-11-02|Utah Jazz|Charlotte Hornets,,,,2025-11-02|Utah Jazz|Charlotte Hornets,0.40133323390970166,"[{""p_home_win"": 0.40133323390970166, ""weight"": 1.0}]",-0.3999130368018058,,bradley_terry_hfa,1.0,23.0
2025-11-02,Cleveland Cavaliers,Atlanta Hawks,117.0,109.0,False,False,2025-11-02|Atlanta Hawks|Cleveland Cavaliers,,,,2025-11-02|Atlanta Hawks|Cleveland Cavaliers,0.49135203778539444,"[{""p_home_win"": 0.49135203778539444, ""weight"": 1.0}]",-0.03459529885003326,,bradley_terry_hfa,1.0,8.0
2025-11-02,Toronto Raptors,Memphis Grizzlies,117.0,104.0,False,False,2025-11-02|Memphis Grizzlies|Toronto Raptors,,,,2025-11-02|Memphis Grizzlies|Toronto Raptors,0.7062630010455309,"[{""p_home_win"": 0.7062630010455309, ""weight"": 1.0}]",0.877302885250746,,bradley_terry_hfa,1.0,13.0
2025-11-02,New York Knicks,Chicago Bulls,128.0,116.0,False,False,2025-11-02|Chicago Bulls|New York Knicks,,,,2025-11-02|Chicago Bulls|New York Knicks,0.004601024741374984,"[{""p_home_win"": 0.004601024741374984, ""weight"": 1.0}]",-5.3768645883973,,bradley_terry_hfa,1.0,12.0
2025-11-02,Phoenix Suns,San Antonio Spurs,130.0,118.0,False,False,2025-11-02|San Antonio Spurs|Phoenix Suns,,,,2025-11-02|San Antonio Spurs|Phoenix Suns,0.0021475654248678338,"[{""p_home_win"": 0.0021475654248678338, ""weight"": 1.0}]",-6.141270564223361,,bradley_terry_hfa,1.0,12.0
2025-11-02,Los Angeles Lakers,Miami Heat,130.0,120.0,False,False,2025-11-02|Miami Heat|Los Angeles Lakers,,,,2025-11-02|Miami Heat|Los Angeles Lakers,0.4997443109064174,"[{""p_home_win"": 0.4997443109064174, ""weight"": 1.0}]",-0.0010227564634831543,,bradley_terry_hfa,1.0,10.0
2025-11-03,Brooklyn Nets,Minnesota Timberwolves,109.0,125.0,False,False,2025-11-03|Minnesota Timberwolves|Brooklyn Nets,,,,2025-11-03|Minnesota Timberwolves|Brooklyn Nets,0.00422557709726255,"[{""p_home_win"": 0.00422557709726255, ""weight"": 1.0}]",-5.462364906354578,,bradley_terry_hfa,0.0,-16.0
2025-11-03,Indiana Pacers,Milwaukee Bucks,115.0,117.0,False,False,2025-11-03|Milwaukee Bucks|Indiana Pacers,,,,2025-11-03|Milwaukee Bucks|Indiana Pacers,0.12631935666110772,"[{""p_home_win"": 0.12631935666110772, ""weight"": 1.0}]",-1.9339016352398768,,bradley_terry_hfa,0.0,-2.0
2025-11-03,Boston Celtics,Utah Jazz,103.0,105.0,False,False,2025-11-03|Utah Jazz|Boston Celtics,,,,2025-11-03|Utah Jazz|Boston Celtics,0.8499704242961102,"[{""p_home_win"": 0.8499704242961102, ""weight"": 1.0}]",1.734369107913448,,bradley_terry_hfa,0.0,-2.0
2025-11-03,New York Knicks,Washington Wizards,119.0,102.0,False,False,2025-11-03|Washington Wizards|New York Knicks,,,,2025-11-03|Washington Wizards|New York Knicks,0.9702628931749889,"[{""p_home_win"": 0.9702628931749889, ""weight"": 1.0}]",3.485171404648438,,bradley_terry_hfa,1.0,17.0
2025-11-03,Houston Rockets,Dallas Mavericks,110.0,102.0,False,False,2025-11-03|Dallas Mavericks|Houston Rockets,,,,2025-11-03|Dallas Mavericks|Houston Rockets,0.9604405936170054,"[{""p_home_win"": 0.9604405936170054, ""weight"": 1.0}]",3.1895886297037004,,bradley_terry_hfa,1.0,8.0
2025-11-03,Memphis Grizzlies,Detroit Pistons,106.0,114.0,False,False,2025-11-03|Detroit Pistons|Memphis Grizzlies,,,,2025-11-03|Detroit Pistons|Memphis Grizzlies,0.1708925152400472,"[{""p_home_win"": 0.1708925152400472, ""weight"": 1.0}]",-1.5793150096287838,,bradley_terry_hfa,0.0,-8.0
2025-11-03,Denver Nuggets,Sacramento Kings,130.0,124.0,False,False,2025-11-03|Sacramento Kings|Denver Nuggets,,,,2025-11-03|Sacramento Kings|Denver Nuggets,0.7598443692497209,"[{""p_home_win"": 0.7598443692497209, ""weight"": 1.0}]",1.151826460366439,,bradley_terry_hfa,1.0,6.0
2025-11-03,Portland Trail Blazers,Los Angeles Lakers,115.0,123.0,False,False,2025-11-03|Los Angeles Lakers|Portland Trail Blazers,,,,2025-11-03|Los Angeles Lakers|Portland Trail Blazers,0.6044020509214728,"[{""p_home_win"": 0.6044020509214728, ""weight"": 1.0}]",0.4238412083071569,,bradley_terry_hfa,0.0,-8.0
2025-11-03,Los Angeles Clippers,Miami Heat,119.0,120.0,False,False,2025-11-03|Miami Heat|Los Angeles Clippers,,,,2025-11-03|Miami Heat|Los Angeles Clippers,0.5497937869635233,"[{""p_home_win"": 0.5497937869635233, ""weight"": 1.0}]",0.19983754613652505,,bradley_terry_hfa,0.0,-1.0
2025-11-04,Toronto Raptors,Milwaukee Bucks,128.0,100.0,False,False,2025-11-04|Milwaukee Bucks|Toronto Raptors,,,,2025-11-04|Milwaukee Bucks|Toronto Raptors,0.3659301769103164,"[{""p_home_win"": 0.3659301769103164, ""weight"": 1.0}]",-0.5497165376968174,,bradley_terry_hfa,1.0,28.0
2025-11-04,Atlanta Hawks,Orlando Magic,127.0,112.0,False,False,2025-11-04|Orlando Magic|Atlanta Hawks,,,,2025-11-04|Orlando Magic|Atlanta Hawks,0.5645350077759668,"[{""p_home_win"": 0.5645350077759668, ""weight"": 1.0}]",0.25958798940084704,,bradley_terry_hfa,1.0,15.0
2025-11-04,Chicago Bulls,Philadelphia 76ers,113.0,111.0,False,False,2025-11-04|Philadelphia 76ers|Chicago Bulls,,,,2025-11-04|Philadelphia 76ers|Chicago Bulls,0.8771404679085311,"[{""p_home_win"": 0.8771404679085311, ""weight"": 1.0}]",1.9656254609400958,,bradley_terry_hfa,1.0,2.0
2025-11-04,New Orleans Pelicans,Charlotte Hornets,116.0,112.0,False,False,2025-11-04|Charlotte Hornets|New Orleans Pelicans,,,,2025-11-04|Charlotte Hornets|New Orleans Pelicans,0.01400594972188311,"[{""p_home_win"": 0.01400594972188311, ""weight"": 1.0}]",-4.254168100912451,,bradley_terry_hfa,1.0,4.0
2025-11-04,Golden State Warriors,Phoenix Suns,118.0,107.0,False,False,2025-11-04|Phoenix Suns|Golden State Warriors,,,,2025-11-04|Phoenix Suns|Golden State Warriors,0.8219074011979672,"[{""p_home_win"": 0.8219074011979672, ""weight"": 1.0}]",1.529324105085313,,bradley_terry_hfa,1.0,11.0
2025-11-04,Los Angeles Clippers,Oklahoma City Thunder,107.0,126.0,False,False,2025-11-04|Oklahoma City Thunder|Los Angeles Clippers,,,,2025-11-04|Oklahoma City Thunder|Los Angeles Clippers,0.005426114100841265,"[{""p_home_win"": 0.005426114100841265, ""weight"": 1.0}]",-5.211091147500787,,bradley_terry_hfa,0.0,-19.0
2025-11-05,Cleveland Cavaliers,Philadelphia 76ers,132.0,121.0,False,False,2025-11-05|Philadelphia 76ers|Cleveland Cavaliers,,,,2025-11-05|Philadelphia 76ers|Cleveland Cavaliers,0.6747767456539767,"[{""p_home_win"": 0.6747767456539767, ""weight"": 1.0}]",0.7298700060381315,,bradley_terry_hfa,1.0,11.0
2025-11-05,Detroit Pistons,Utah Jazz,114.0,103.0,False,False,2025-11-05|Utah Jazz|Detroit Pistons,,,,2025-11-05|Utah Jazz|Detroit Pistons,0.9304065781450318,"[{""p_home_win"": 0.9304065781450318, ""weight"": 1.0}]",2.5929516221170874,,bradley_terry_hfa,1.0,11.0
2025-11-05,Indiana Pacers,Brooklyn Nets,103.0,112.0,False,False,2025-11-05|Brooklyn Nets|Indiana Pacers,,,,2025-11-05|Brooklyn Nets|Indiana Pacers,0.9923702780907288,"[{""p_home_win"": 0.9923702780907288, ""weight"": 1.0}]",4.868044904226892,,bradley_terry_hfa,0.0,-9.0
2025-11-05,Boston Celtics,Washington Wizards,136.0,107.0,False,False,2025-11-05|Washington Wizards|Boston Celtics,,,,2025-11-05|Washington Wizards|Boston Celtics,0.9266894014242654,"[{""p_home_win"": 0.9266894014242654, ""weight"": 1.0}]",2.536913261430204,,bradley_terry_hfa,1.0,29.0
2025-11-05,New York Knicks,Minnesota Timberwolves,137.0,114.0,False,False,2025-11-05|Minnesota Timberwolves|New York Knicks,,,,2025-11-05|Minnesota Timberwolves|New York Knicks,0.7749917103587527,"[{""p_home_win"": 0.7749917103587527, ""weight"": 1.0}]",1.2367150886091274,,bradley_terry_hfa,1.0,23.0
2025-11-05,Memphis Grizzlies,Houston Rockets,109.0,124.0,False,False,2025-11-05|Houston Rockets|Memphis Grizzlies,,,,2025-11-05|Houston Rockets|Memphis Grizzlies,0.18557710351288428,"[{""p_home_win"": 0.18557710351288428, ""weight"": 1.0}]",-1.4790093118995604,,bradley_terry_hfa,0.0,-15.0
2025-11-05,Dallas Mavericks,New Orleans Pelicans,99.0,101.0,False,False,2025-11-05|New Orleans Pelicans|Dallas Mavericks,,,,2025-11-05|New Orleans Pelicans|Dallas Mavericks,0.8050618331183067,"[{""p_home_win"": 0.8050618331183067, ""weight"": 1.0}]",1.418236670431049,,bradley_terry_hfa,0.0,-2.0
2025-11-05,Denver Nuggets,Miami Heat,122.0,112.0,False,False,2025-11-05|Miami Heat|Denver Nuggets,,,,2025-11-05|Miami Heat|Denver Nuggets,0.6833611443340942,"[{""p_home_win"": 0.6833611443340942, ""weight"": 1.0}]",0.7692616138048892,,bradley_terry_hfa,1.0,10.0
2025-11-05,Los Angeles Lakers,San Antonio Spurs,118.0,116.0,False,False,2025-11-05|San Antonio Spurs|Los Angeles Lakers,,,,2025-11-05|San Antonio Spurs|Los Angeles Lakers,0.7550721643806549,"[{""p_home_win"": 0.7550721643806549, ""weight"": 1.0}]",1.1258497079781624,,bradley_terry_hfa,1.0,2.0
2025-11-05,Portland Trail Blazers,Oklahoma City Thunder,121.0,119.0,False,False,2025-11-05|Oklahoma City Thunder|Portland Trail Blazers,,,,2025-11-05|Oklahoma City Thunder|Portland Trail Blazers,0.011529410078590754,"[{""p_home_win"": 0.011529410078590754, ""weight"": 1.0}]",-4.4512577210092275,,bradley_terry_hfa,1.0,2.0
2025-11-05,Sacramento Kings,Golden State Warriors,121.0,116.0,False,False,2025-11-05|Golden State Warriors|Sacramento Kings,,,,2025-11-05|Golden State Warriors|Sacramento Kings,0.4487294732054191,"[{""p_home_win"": 0.4487294732054191, ""weight"": 1.0}]",-0.2058054662876908,,bradley_terry_hfa,1.0,5.0
2025-11-06,Phoenix Suns,Los Angeles Clippers,115.0,102.0,False,False,2025-11-06|Los Angeles Clippers|Phoenix Suns,,,,2025-11-06|Los Angeles Clippers|Phoenix Suns,0.6012080008081935,"[{""p_home_win"": 0.6012080008081935, ""weight"": 1.0}]",0.41050099017513264,,bradley_terry_hfa,1.0,13.0
2025-11-07,Orlando Magic,Boston Celtics,123.0,110.0,False,False,2025-11-07|Boston Celtics|Orlando Magic,,,,2025-11-07|Boston Celtics|Orlando Magic,0.6156656377034784,"[{""p_home_win"": 0.6156656377034784, ""weight"": 1.0}]",0.47119111136558,,bradley_terry_hfa,1.0,13.0
2025-11-07,Washington Wizards,Cleveland Cavaliers,115.0,148.0,False,False,2025-11-07|Cleveland Cavaliers|Washington Wizards,,,,2025-11-07|Cleveland Cavaliers|Washington Wizards,0.052739867636034096,"[{""p_home_win"": 0.052739867636034096, ""weight"": 1.0}]",-2.888202075274939,,bradley_terry_hfa,0.0,-33.0
2025-11-07,Atlanta Hawks,Toronto Raptors,97.0,109.0,False,False,2025-11-07|Toronto Raptors|Atlanta Hawks,,,,2025-11-07|Toronto Raptors|Atlanta Hawks,0.6228883961101185,"[{""p_home_win"": 0.6228883961101185, ""weight"": 1.0}]",0.501826188092479,,bradley_terry_hfa,0.0,-12.0
2025-11-07,Brooklyn Nets,Detroit Pistons,107.0,125.0,False,False,2025-11-07|Detroit Pistons|Brooklyn Nets,,,,2025-11-07|Detroit Pistons|Brooklyn Nets,0.02853543187449237,"[{""p_home_win"": 0.02853543187449237, ""weight"": 1.0}]",-3.5276582580672904,,bradley_terry_hfa,0.0,-18.0
2025-11-07,San Antonio Spurs,Houston Rockets,121.0,110.0,False,False,2025-11-07|Houston Rockets|San Antonio Spurs,,,,2025-11-07|Houston Rockets|San Antonio Spurs,0.5088492575874095,"[{""p_home_win"": 0.5088492575874095, ""weight"": 1.0}]",0.035400726936124616,,bradley_terry_hfa,1.0,11.0
2025-11-07,Memphis Grizzlies,Dallas Mavericks,118.0,104.0,False,False,2025-11-07|Dallas Mavericks|Memphis Grizzlies,,,,2025-11-07|Dallas Mavericks|Memphis Grizzlies,0.9325578704690458,"[{""p_home_win"": 0.9325578704690458, ""weight"": 1.0}]",2.62666131920664,,bradley_terry_hfa,1.0,14.0
2025-11-07,Miami Heat,Charlotte Hornets,126.0,108.0,False,False,2025-11-07|Charlotte Hornets|Miami Heat,,,,2025-11-07|Charlotte Hornets|Miami Heat,0.9475125120366705,"[{""p_home_win"": 0.9475125120366705, ""weight"": 1.0}]",2.8932653254993697,,bradley_terry_hfa,1.0,18.0
2025-11-07,Milwaukee Bucks,Chicago Bulls,126.0,110.0,False,False,2025-11-07|Chicago Bulls|Milwaukee Bucks,,,,2025-11-07|Chicago Bulls|Milwaukee Bucks,0.2542863788703868,"[{""p_home_win"": 0.2542863788703868, ""weight"": 1.0}]",-1.075880532852843,,bradley_terry_hfa,1.0,16.0
2025-11-07,Minnesota Timberwolves,Utah Jazz,137.0,97.0,False,False,2025-11-07|Utah Jazz|Minnesota Timberwolves,,,,2025-11-07|Utah Jazz|Minnesota Timberwolves,0.8442148152959265,"[{""p_home_win"": 0.8442148152959265, ""weight"": 1.0}]",1.6899289455469684,,bradley_terry_hfa,1.0,40.0
2025-11-07,Denver Nuggets,Golden State Warriors,129.0,104.0,False,False,2025-11-07|Golden State Warriors|Denver Nuggets,,,,2025-11-07|Golden State Warriors|Denver Nuggets,0.8224238511704043,"[{""p_home_win"": 0.8224238511704043, ""weight"": 1.0}]",1.5328563717811436,,bradley_terry_hfa,1.0,25.0
2025-11-07,Sacramento Kings,Oklahoma City Thunder,101.0,132.0,False,False,2025-11-07|Oklahoma City Thunder|Sacramento Kings,,,,2025-11-07|Oklahoma City Thunder|Sacramento Kings,0.25582028219460523,"[{""p_home_win"": 0.25582028219460523, ""weight"": 1.0}]",-1.067807386584208,,bradley_terry_hfa,0.0,-31.0
2025-11-08,Washington Wizards,Dallas Mavericks,105.0,111.0,False,False,2025-11-08|Dallas Mavericks|Washington Wizards,,,,2025-11-08|Dallas Mavericks|Washington Wizards,0.6705487652368933,"[{""p_home_win"": 0.6705487652368933, ""weight"": 1.0}]",0.7106680844310784,,bradley_terry_hfa,0.0,-6.0
2025-11-08,Philadelphia 76ers,Toronto Raptors,130.0,120.0,False,False,2025-11-08|Toronto Raptors|Philadelphia 76ers,,,,2025-11-08|Toronto Raptors|Philadelphia 76ers,0.5520012675359653,"[{""p_home_win"": 0.5520012675359653, ""weight"": 1.0}]",0.2087599394456342,,bradley_terry_hfa,1.0,10.0
2025-11-08,Atlanta Hawks,Los Angeles Lakers,122.0,102.0,False,False,2025-11-08|Los Angeles Lakers|Atlanta Hawks,,,,2025-11-08|Los Angeles Lakers|Atlanta Hawks,0.15176697008894943,"[{""p_home_win"": 0.15176697008894943, ""weight"": 1.0}]",-1.7208091445259568,,bradley_terry_hfa,1.0,20.0
2025-11-08,Cleveland Cavaliers,Chicago Bulls,128.0,122.0,False,False,2025-11-08|Chicago Bulls|Cleveland Cavaliers,,,,2025-11-08|Chicago Bulls|Cleveland Cavaliers,0.44505006611904196,"[{""p_home_win"": 0.44505006611904196, ""weight"": 1.0}]",-0.22069111648348538,,bradley_terry_hfa,1.0,6.0
2025-11-08,Miami Heat,Portland Trail Blazers,136.0,131.0,False,False,2025-11-08|Portland Trail Blazers|Miami Heat,,,,2025-11-08|Portland Trail Blazers|Miami Heat,0.5176562566456383,"[{""p_home_win"": 0.5176562566456383, ""weight"": 1.0}]",0.0706544044134787,,bradley_terry_hfa,1.0,5.0
2025-11-08,San Antonio Spurs,New Orleans Pelicans,126.0,119.0,False,False,2025-11-08|New Orleans Pelicans|San Antonio Spurs,,,,2025-11-08|New Orleans Pelicans|San Antonio Spurs,0.9784153333559378,"[{""p_home_win"": 0.9784153333559378, ""weight"": 1.0}]",3.813951071100451,,bradley_terry_hfa,1.0,7.0
2025-11-08,Denver Nuggets,Indiana Pacers,117.0,100.0,False,False,2025-11-08|Indiana Pacers|Denver Nuggets,,,,2025-11-08|Indiana Pacers|Denver Nuggets,0.9970796717853719,"[{""p_home_win"": 0.9970796717853719, ""weight"": 1.0}]",5.833134666055612,,bradley_terry_hfa,1.0,17.0
2025-11-08,Los Angeles Clippers,Phoenix Suns,103.0,114.0,False,False,2025-11-08|Phoenix Suns|Los Angeles Clippers,,,,2025-11-08|Phoenix Suns|Los Angeles Clippers,0.6420111673142749,"[{""p_home_win"": 0.6420111673142749, ""weight"": 1.0}]",0.5841039058103222,,bradley_terry_hfa,0.0,-11.0
2025-11-09,Milwaukee Bucks,Houston Rockets,115.0,122.0,False,False,2025-11-09|Houston Rockets|Milwaukee Bucks,,,,2025-11-09|Houston Rockets|Milwaukee Bucks,0.55551339028938,"[{""p_home_win"": 0.55551339028938, ""weight"": 1.0}]",0.22297278360588835,,bradley_terry_hfa,0.0,-7.0
2025-11-09,Memphis Grizzlies,Oklahoma City Thunder,100.0,114.0,False,False,2025-11-09|Oklahoma City Thunder|Memphis Grizzlies,,,,2025-11-09|Oklahoma City Thunder|Memphis Grizzlies,0.04815925292017712,"[{""p_home_win"": 0.04815925292017712, ""weight"": 1.0}]",-2.983884449893461,,bradley_terry_hfa,0.0,-14.0
2025-11-09,New York Knicks,Brooklyn Nets,134.0,98.0,False,False,2025-11-09|Brooklyn Nets|New York Knicks,,,,2025-11-09|Brooklyn Nets|New York Knicks,0.9867036952967214,"[{""p_home_win"": 0.9867036952967214, ""weight"": 1.0}]",4.306883632198995,,bradley_terry_hfa,1.0,36.0
2025-11-09,Orlando Magic,Boston Celtics,107.0,111.0,False,False,2025-11-09|Boston Celtics|Orlando Magic,,,,2025-11-09|Boston Celtics|Orlando Magic,0.6326001727259933,"[{""p_home_win"": 0.6326001727259933, ""weight"": 1.0}]",0.5433878812626316,,bradley_terry_hfa,0.0,-4.0
2025-11-09,Philadelphia 76ers,Detroit Pistons,108.0,111.0,False,False,2025-11-09|Detroit Pistons|Philadelphia 76ers,,,,2025-11-09|Detroit Pistons|Philadelphia 76ers,0.34652815508390644,"[{""p_home_win"": 0.34652815508390644, ""weight"": 1.0}]",-0.6343353776283609,,bradley_terry_hfa,0.0,-3.0
2025-11-09,Golden State Warriors,Indiana Pacers,114.0,83.0,False,False,2025-11-09|Indiana Pacers|Golden State Warriors,,,,2025-11-09|Indiana Pacers|Golden State Warriors,0.9831279047652006,"[{""p_home_win"": 0.9831279047652006, ""weight"": 1.0}]",4.0650781407249905,,bradley_terry_hfa,1.0,31.0
2025-11-09,Sacramento Kings,Minnesota Timberwolves,117.0,144.0,False,False,2025-11-09|Minnesota Timberwolves|Sacramento Kings,,,,2025-11-09|Minnesota Timberwolves|Sacramento Kings,0.5542427288715015,"[{""p_home_win"": 0.5542427288715015, ""weight"": 1.0}]",0.21782816081727674,,bradley_terry_hfa,0.0,-27.0
2025-11-10,Charlotte Hornets,Los Angeles Lakers,111.0,121.0,False,False,2025-11-10|Los Angeles Lakers|Charlotte Hornets,,,,2025-11-10|Los Angeles Lakers|Charlotte Hornets,0.029278204817136624,"[{""p_home_win"": 0.029278204817136624, ""weight"": 1.0}]",-3.5011965372001823,,bradley_terry_hfa,0.0,-10.0
2025-11-10,Detroit Pistons,Washington Wizards,137.0,135.0,False,False,2025-11-10|Washington Wizards|Detroit Pistons,,,,2025-11-10|Washington Wizards|Detroit Pistons,0.9975166396166857,"[{""p_home_win"": 0.9975166396166857, ""weight"": 1.0}]",5.995656193671078,,bradley_terry_hfa,1.0,2.0
2025-11-10,Orlando Magic,Portland Trail Blazers,115.0,112.0,False,False,2025-11-10|Portland Trail Blazers|Orlando Magic,,,,2025-11-10|Portland Trail Blazers|Orlando Magic,0.1432644734094586,"[{""p_home_win"": 0.1432644734094586, ""weight"": 1.0}]",-1.788436880716635,,bradley_terry_hfa,1.0,3.0
2025-11-10,Miami Heat,Cleveland Cavaliers,140.0,138.0,False,False,2025-11-10|Cleveland Cavaliers|Miami Heat,,,,2025-11-10|Cleveland Cavaliers|Miami Heat,0.43572918227565477,"[{""p_home_win"": 0.43572918227565477, ""weight"": 1.0}]",-0.2585134007307899,,bradley_terry_hfa,1.0,2.0
2025-11-10,Chicago Bulls,San Antonio Spurs,117.0,121.0,False,False,2025-11-10|San Antonio Spurs|Chicago Bulls,,,,2025-11-10|San Antonio Spurs|Chicago Bulls,0.5298289546137674,"[{""p_home_win"": 0.5298289546137674, ""weight"": 1.0}]",0.11945767246206351,,bradley_terry_hfa,0.0,-4.0
2025-11-10,Dallas Mavericks,Milwaukee Bucks,114.0,116.0,False,False,2025-11-10|Milwaukee Bucks|Dallas Mavericks,,,,2025-11-10|Milwaukee Bucks|Dallas Mavericks,0.03249967094008287,"[{""p_home_win"": 0.03249967094008287, ""weight"": 1.0}]",-3.3934858006535813,,bradley_terry_hfa,0.0,-2.0
2025-11-10,Phoenix Suns,New Orleans Pelicans,121.0,98.0,False,False,2025-11-10|New Orleans Pelicans|Phoenix Suns,,,,2025-11-10|New Orleans Pelicans|Phoenix Suns,0.835663415733639,"[{""p_home_win"": 0.835663415733639, ""weight"": 1.0}]",1.6263092515227904,,bradley_terry_hfa,1.0,23.0
2025-11-10,Utah Jazz,Minnesota Timberwolves,113.0,120.0,False,False,2025-11-10|Minnesota Timberwolves|Utah Jazz,,,,2025-11-10|Minnesota Timberwolves|Utah Jazz,0.17220052222794646,"[{""p_home_win"": 0.17220052222794646, ""weight"": 1.0}]",-1.5701113237803228,,bradley_terry_hfa,0.0,-7.0
2025-11-10,Los Angeles Clippers,Atlanta Hawks,102.0,105.0,False,False,2025-11-10|Atlanta Hawks|Los Angeles Clippers,,,,2025-11-10|Atlanta Hawks|Los Angeles Clippers,0.2601925787250982,"[{""p_home_win"": 0.2601925787250982, ""weight"": 1.0}]",-1.0449678665628994,,bradley_terry_hfa,0.0,-3.0
2025-11-11,Brooklyn Nets,Toronto Raptors,109.0,119.0,False,False,2025-11-11|Toronto Raptors|Brooklyn Nets,,,,2025-11-11|Toronto Raptors|Brooklyn Nets,0.021782752980945747,"[{""p_home_win"": 0.021782752980945747, ""weight"": 1.0}]",-3.804613270323504,,bradley_terry_hfa,0.0,-10.0
2025-11-11,New York Knicks,Memphis Grizzlies,133.0,120.0,False,False,2025-11-11|Memphis Grizzlies|New York Knicks,,,,2025-11-11|Memphis Grizzlies|New York Knicks,0.8895284569534403,"[{""p_home_win"": 0.8895284569534403, ""weight"": 1.0}]",2.085933539871108,,bradley_terry_hfa,1.0,13.0
2025-11-11,Oklahoma City Thunder,Golden State Warriors,126.0,102.0,False,False,2025-11-11|Golden State Warriors|Oklahoma City Thunder,,,,2025-11-11|Golden State Warriors|Oklahoma City Thunder,0.9215342108220602,"[{""p_home_win"": 0.9215342108220602, ""weight"": 1.0}]",2.4633771784201843,,bradley_terry_hfa,1.0,24.0
2025-11-11,Philadelphia 76ers,Boston Celtics,102.0,100.0,False,False,2025-11-11|Boston Celtics|Philadelphia 76ers,,,,2025-11-11|Boston Celtics|Philadelphia 76ers,0.5609410664853199,"[{""p_home_win"": 0.5609410664853199, ""weight"": 1.0}]",0.2449822002028797,,bradley_terry_hfa,1.0,2.0
2025-11-11,Utah Jazz,Indiana Pacers,152.0,128.0,False,False,2025-11-11|Indiana Pacers|Utah Jazz,,,,2025-11-11|Indiana Pacers|Utah Jazz,0.9157764059641729,"[{""p_home_win"": 0.9157764059641729, ""weight"": 1.0}]",2.3862971403870685,,bradley_terry_hfa,1.0,24.0
2025-11-11,Sacramento Kings,Denver Nuggets,108.0,122.0,False,False,2025-11-11|Denver Nuggets|Sacramento Kings,,,,2025-11-11|Denver Nuggets|Sacramento Kings,0.11284324184750859,"[{""p_home_win"": 0.11284324184750859, ""weight"": 1.0}]",-2.0620220798483073,,bradley_terry_hfa,0.0,-14.0
2025-11-12,Charlotte Hornets,Milwaukee Bucks,111.0,100.0,False,False,2025-11-12|Milwaukee Bucks|Charlotte Hornets,,,,2025-11-12|Milwaukee Bucks|Charlotte Hornets,0.04545834050775198,"[{""p_home_win"": 0.04545834050775198, ""weight"": 1.0}]",-3.044434974260144,,bradley_terry_hfa,1.0,11.0
2025-11-12,Detroit Pistons,Chicago Bulls,124.0,113.0,False,False,2025-11-12|Chicago Bulls|Detroit Pistons,,,,2025-11-12|Chicago Bulls|Detroit Pistons,0.66203140066936,"[{""p_home_win"": 0.66203140066936, ""weight"": 1.0}]",0.6723599980686057,,bradley_terry_hfa,1.0,11.0
2025-11-12,New York Knicks,Orlando Magic,107.0,124.0,False,False,2025-11-12|Orlando Magic|New York Knicks,,,,2025-11-12|Orlando Magic|New York Knicks,0.8299352301123548,"[{""p_home_win"": 0.8299352301123548, ""weight"": 1.0}]",1.585168297908932,,bradley_terry_hfa,0.0,-17.0
2025-11-12,Boston Celtics,Memphis Grizzlies,131.0,95.0,False,False,2025-11-12|Memphis Grizzlies|Boston Celtics,,,,2025-11-12|Memphis Grizzlies|Boston Celtics,0.6554113759623417,"[{""p_home_win"": 0.6554113759623417, ""weight"": 1.0}]",0.6429117819254938,,bradley_terry_hfa,1.0,36.0
2025-11-12,Miami Heat,Cleveland Cavaliers,116.0,130.0,False,False,2025-11-12|Cleveland Cavaliers|Miami Heat,,,,2025-11-12|Cleveland Cavaliers|Miami Heat,0.5151344304416411,"[{""p_home_win"": 0.5151344304416411, ""weight"": 1.0}]",0.06055622023636942,,bradley_terry_hfa,0.0,-14.0
2025-11-12,Houston Rockets,Washington Wizards,135.0,112.0,False,False,2025-11-12|Washington Wizards|Houston Rockets,,,,2025-11-12|Washington Wizards|Houston Rockets,0.9980618849686326,"[{""p_home_win"": 0.9980618849686326, ""weight"": 1.0}]",6.244099415957729,,bradley_terry_hfa,1.0,23.0
2025-11-12,New Orleans Pelicans,Portland Trail Blazers,117.0,125.0,False,False,2025-11-12|Portland Trail Blazers|New Orleans Pelicans,,,,2025-11-12|Portland Trail Blazers|New Orleans Pelicans,0.04277448847428134,"[{""p_home_win"": 0.04277448847428134, ""weight"": 1.0}]",-3.1080971467345617,,bradley_terry_hfa,0.0,-8.0
2025-11-12,San Antonio Spurs,Golden State Warriors,120.0,125.0,False,False,2025-11-12|Golden State Warriors|San Antonio Spurs,,,,2025-11-12|Golden State Warriors|San Antonio Spurs,0.8598308434300767,"[{""p_home_win"": 0.8598308434300767, ""weight"": 1.0}]",1.8138857217519475,,bradley_terry_hfa,0.0,-5.0
2025-11-12,Dallas Mavericks,Phoenix Suns,114.0,123.0,False,False,2025-11-12|Phoenix Suns|Dallas Mavericks,,,,2025-11-12|Phoenix Suns|Dallas Mavericks,0.05886497938880611,"[{""p_home_win"": 0.05886497938880611, ""weight"": 1.0}]",-2.771840279208626,,bradley_terry_hfa,0.0,-9.0
2025-11-12,Oklahoma City Thunder,Los Angeles Lakers,121.0,92.0,False,False,2025-11-12|Los Angeles Lakers|Oklahoma City Thunder,,,,2025-11-12|Los Angeles Lakers|Oklahoma City Thunder,0.7161399798641048,"[{""p_home_win"": 0.7161399798641048, ""weight"": 1.0}]",0.9253944206488838,,bradley_terry_hfa,1.0,29.0
2025-11-12,Sacramento Kings,Atlanta Hawks,100.0,133.0,False,False,2025-11-12|Atlanta Hawks|Sacramento Kings,,,,2025-11-12|Atlanta Hawks|Sacramento Kings,0.2809443905486923,"[{""p_home_win"": 0.2809443905486923, ""weight"": 1.0}]",-0.939781946153758,,bradley_terry_hfa,0.0,-33.0
2025-11-12,Los Angeles Clippers,Denver Nuggets,116.0,130.0,False,False,2025-11-12|Denver Nuggets|Los Angeles Clippers,,,,2025-11-12|Denver Nuggets|Los Angeles Clippers,0.025589624013702735,"[{""p_home_win"": 0.025589624013702735, ""weight"": 1.0}]",-3.639645588129459,,bradley_terry_hfa,0.0,-14.0
2025-11-13,Cleveland Cavaliers,Toronto Raptors,113.0,126.0,False,False,2025-11-13|Toronto Raptors|Cleveland Cavaliers,,,,2025-11-13|Toronto Raptors|Cleveland Cavaliers,0.5996645565953653,"[{""p_home_win"": 0.5996645565953653, ""weight"": 1.0}]",0.4040676223519599,,bradley_terry_hfa,0.0,-13.0
2025-11-13,Phoenix Suns,Indiana Pacers,133.0,98.0,False,False,2025-11-13|Indiana Pacers|Phoenix Suns,,,,2025-11-13|Indiana Pacers|Phoenix Suns,0.9637695015215575,"[{""p_home_win"": 0.9637695015215575, ""weight"": 1.0}]",3.2809508961818374,,bradley_terry_hfa,1.0,35.0
2025-11-13,Utah Jazz,Atlanta Hawks,122.0,132.0,False,False,2025-11-13|Atlanta Hawks|Utah Jazz,,,,2025-11-13|Atlanta Hawks|Utah Jazz,0.0688031361348695,"[{""p_home_win"": 0.0688031361348695, ""weight"": 1.0}]",-2.6052213818730037,,bradley_terry_hfa,0.0,-10.0
2025-11-14,New York Knicks,Miami Heat,140.0,132.0,False,False,2025-11-14|Miami Heat|New York Knicks,,,,2025-11-14|Miami Heat|New York Knicks,0.26776008850798044,"[{""p_home_win"": 0.26776008850798044, ""weight"": 1.0}]",-1.006016820750916,,bradley_terry_hfa,1.0,8.0
2025-11-14,Orlando Magic,Brooklyn Nets,105.0,98.0,False,False,2025-11-14|Brooklyn Nets|Orlando Magic,,,,2025-11-14|Brooklyn Nets|Orlando Magic,0.9524576123806878,"[{""p_home_win"": 0.9524576123806878, ""weight"": 1.0}]",2.9974239205257844,,bradley_terry_hfa,1.0,7.0
2025-11-14,Detroit Pistons,Philadelphia 76ers,114.0,105.0,False,False,2025-11-14|Philadelphia 76ers|Detroit Pistons,,,,2025-11-14|Philadelphia 76ers|Detroit Pistons,0.7807272971640089,"[{""p_home_win"": 0.7807272971640089, ""weight"": 1.0}]",1.2699097438960512,,bradley_terry_hfa,1.0,9.0
2025-11-14,Houston Rockets,Portland Trail Blazers,140.0,116.0,False,False,2025-11-14|Portland Trail Blazers|Houston Rockets,,,,2025-11-14|Portland Trail Blazers|Houston Rockets,0.641607538024617,"[{""p_home_win"": 0.641607538024617, ""weight"": 1.0}]",0.5823481568299402,,bradley_terry_hfa,1.0,24.0
2025-11-14,Milwaukee Bucks,Charlotte Hornets,147.0,134.0,False,False,2025-11-14|Charlotte Hornets|Milwaukee Bucks,,,,2025-11-14|Charlotte Hornets|Milwaukee Bucks,0.7938437392497477,"[{""p_home_win"": 0.7938437392497477, ""weight"": 1.0}]",1.3482522113573503,,bradley_terry_hfa,1.0,13.0
2025-11-14,Minnesota Timberwolves,Sacramento Kings,124.0,110.0,False,False,2025-11-14|Sacramento Kings|Minnesota Timberwolves,,,,2025-11-14|Sacramento Kings|Minnesota Timberwolves,0.7884954880533008,"[{""p_home_win"": 0.7884954880533008, ""weight"": 1.0}]",1.3158803528567624,,bradley_terry_hfa,1.0,14.0
2025-11-14,New Orleans Pelicans,Los Angeles Lakers,104.0,118.0,False,False,2025-11-14|Los Angeles Lakers|New Orleans Pelicans,,,,2025-11-14|Los Angeles Lakers|New Orleans Pelicans,0.004794705524750812,"[{""p_home_win"": 0.004794705524750812, ""weight"": 1.0}]",-5.335436748514624,,bradley_terry_hfa,0.0,-14.0
2025-11-14,Dallas Mavericks,Los Angeles Clippers,127.0,133.0,False,False,2025-11-14|Los Angeles Clippers|Dallas Mavericks,,,,2025-11-14|Los Angeles Clippers|Dallas Mavericks,0.07781803138943363,"[{""p_home_win"": 0.07781803138943363, ""weight"": 1.0}]",-2.472369396739485,,bradley_terry_hfa,0.0,-6.0
2025-11-14,San Antonio Spurs,Golden State Warriors,108.0,109.0,False,False,2025-11-14|Golden State Warriors|San Antonio Spurs,,,,2025-11-14|Golden State Warriors|San Antonio Spurs,0.5408885227319734,"[{""p_home_win"": 0.5408885227319734, ""weight"": 1.0}]",0.16392014937951926,,bradley_terry_hfa,0.0,-1.0
2025-11-15,Cleveland Cavaliers,Memphis Grizzlies,108.0,100.0,False,False,2025-11-15|Memphis Grizzlies|Cleveland Cavaliers,,,,2025-11-15|Memphis Grizzlies|Cleveland Cavaliers,0.8882706006644946,"[{""p_home_win"": 0.8882706006644946, ""weight"": 1.0}]",2.073196556540438,,bradley_terry_hfa,1.0,8.0
2025-11-15,Charlotte Hornets,Oklahoma City Thunder,96.0,109.0,False,False,2025-11-15|Oklahoma City Thunder|Charlotte Hornets,,,,2025-11-15|Oklahoma City Thunder|Charlotte Hornets,0.0014804928719229775,"[{""p_home_win"": 0.0014804928719229775, ""weight"": 1.0}]",-6.513898635191534,,bradley_terry_hfa,0.0,-13.0
2025-11-15,Indiana Pacers,Toronto Raptors,111.0,129.0,False,False,2025-11-15|Toronto Raptors|Indiana Pacers,,,,2025-11-15|Toronto Raptors|Indiana Pacers,0.0015294476059667425,"[{""p_home_win"": 0.0015294476059667425, ""weight"": 1.0}]",-6.481318032216004,,bradley_terry_hfa,0.0,-18.0
2025-11-15,Milwaukee Bucks,Los Angeles Lakers,95.0,119.0,False,False,2025-11-15|Los Angeles Lakers|Milwaukee Bucks,,,,2025-11-15|Los Angeles Lakers|Milwaukee Bucks,0.0789752065668541,"[{""p_home_win"": 0.0789752065668541, ""weight"": 1.0}]",-2.4563529937330637,,bradley_terry_hfa,0.0,-24.0
2025-11-15,Minnesota Timberwolves,Denver Nuggets,112.0,123.0,False,False,2025-11-15|Denver Nuggets|Minnesota Timberwolves,,,,2025-11-15|Denver Nuggets|Minnesota Timberwolves,0.11699979124524502,"[{""p_home_win"": 0.11699979124524502, ""weight"": 1.0}]",-2.021153286451794,,bradley_terry_hfa,0.0,-11.0
2025-11-16,Boston Celtics,Los Angeles Clippers,121.0,118.0,False,False,2025-11-16|Los Angeles Clippers|Boston Celtics,,,,2025-11-16|Los Angeles Clippers|Boston Celtics,0.6705411764244553,"[{""p_home_win"": 0.6705411764244553, ""weight"": 1.0}]",0.7106337326097651,,bradley_terry_hfa,1.0,3.0
2025-11-16,San Antonio Spurs,Sacramento Kings,123.0,110.0,False,False,2025-11-16|Sacramento Kings|San Antonio Spurs,,,,2025-11-16|Sacramento Kings|San Antonio Spurs,0.7851057954258189,"[{""p_home_win"": 0.7851057954258189, ""weight"": 1.0}]",1.295672644672027,,bradley_terry_hfa,1.0,13.0
2025-11-16,Washington Wizards,Brooklyn Nets,106.0,129.0,False,False,2025-11-16|Brooklyn Nets|Washington Wizards,,,,2025-11-16|Brooklyn Nets|Washington Wizards,0.09343907952676479,"[{""p_home_win"": 0.09343907952676479, ""weight"": 1.0}]",-2.272348563912526,,bradley_terry_hfa,0.0,-23.0
2025-11-16,Houston Rockets,Orlando Magic,117.0,113.0,False,False,2025-11-16|Orlando Magic|Houston Rockets,,,,2025-11-16|Orlando Magic|Houston Rockets,0.8235228914897653,"[{""p_home_win"": 0.8235228914897653, ""weight"": 1.0}]",1.5404001758969978,,bradley_terry_hfa,1.0,4.0
2025-11-16,New Orleans Pelicans,Golden State Warriors,106.0,124.0,False,False,2025-11-16|Golden State Warriors|New Orleans Pelicans,,,,2025-11-16|Golden State Warriors|New Orleans Pelicans,0.006055008237414109,"[{""p_home_win"": 0.006055008237414109, ""weight"": 1.0}]",-5.100796127410298,,bradley_terry_hfa,0.0,-18.0
2025-11-16,Dallas Mavericks,Portland Trail Blazers,138.0,133.0,False,False,2025-11-16|Portland Trail Blazers|Dallas Mavericks,,,,2025-11-16|Portland Trail Blazers|Dallas Mavericks,0.00203959141971851,"[{""p_home_win"": 0.00203959141971851, ""weight"": 1.0}]",-6.192964101418513,,bradley_terry_hfa,1.0,5.0
2025-11-16,Phoenix Suns,Atlanta Hawks,122.0,124.0,False,False,2025-11-16|Atlanta Hawks|Phoenix Suns,,,,2025-11-16|Atlanta Hawks|Phoenix Suns,0.08666382349147353,"[{""p_home_win"": 0.08666382349147353, ""weight"": 1.0}]",-2.35506748773302,,bradley_terry_hfa,0.0,-2.0
2025-11-16,Utah Jazz,Chicago Bulls,150.0,147.0,False,False,2025-11-16|Chicago Bulls|Utah Jazz,,,,2025-11-16|Chicago Bulls|Utah Jazz,0.025576753931101464,"[{""p_home_win"": 0.025576753931101464, ""weight"": 1.0}]",-3.640161864081709,,bradley_terry_hfa,1.0,3.0
2025-11-17,Cleveland Cavaliers,Milwaukee Bucks,118.0,106.0,False,False,2025-11-17|Milwaukee Bucks|Cleveland Cavaliers,,,,2025-11-17|Milwaukee Bucks|Cleveland Cavaliers,0.5947399781367158,"[{""p_home_win"": 0.5947399781367158, ""weight"": 1.0}]",0.3835954081073627,,bradley_terry_hfa,1.0,12.0
2025-11-17,Detroit Pistons,Indiana Pacers,127.0,112.0,False,False,2025-11-17|Indiana Pacers|Detroit Pistons,,,,2025-11-17|Indiana Pacers|Detroit Pistons,0.9987053059951142,"[{""p_home_win"": 0.9987053059951142, ""weight"": 1.0}]",6.648185368569589,,bradley_terry_hfa,1.0,15.0
2025-11-17,Philadelphia 76ers,Los Angeles Clippers,110.0,108.0,False,False,2025-11-17|Los Angeles Clippers|Philadelphia 76ers,,,,2025-11-17|Los Angeles Clippers|Philadelphia 76ers,0.8375216373629406,"[{""p_home_win"": 0.8375216373629406, ""weight"": 1.0}]",1.6399022591212962,,bradley_terry_hfa,1.0,2.0
2025-11-17,Miami Heat,New York Knicks,115.0,113.0,False,False,2025-11-17|New York Knicks|Miami Heat,,,,2025-11-17|New York Knicks|Miami Heat,0.2920846319589559,"[{""p_home_win"": 0.2920846319589559, ""weight"": 1.0}]",-0.8852809541334805,,bradley_terry_hfa,1.0,2.0
2025-11-17,Toronto Raptors,Charlotte Hornets,110.0,108.0,False,False,2025-11-17|Charlotte Hornets|Toronto Raptors,,,,2025-11-17|Charlotte Hornets|Toronto Raptors,0.9282510867165742,"[{""p_home_win"": 0.9282510867165742, ""weight"": 1.0}]",2.5601295551224776,,bradley_terry_hfa,1.0,2.0
2025-11-17,Minnesota Timberwolves,Dallas Mavericks,120.0,96.0,False,False,2025-11-17|Dallas Mavericks|Minnesota Timberwolves,,,,2025-11-17|Dallas Mavericks|Minnesota Timberwolves,0.9818048750980763,"[{""p_home_win"": 0.9818048750980763, ""weight"": 1.0}]",3.9882388914117426,,bradley_terry_hfa,1.0,24.0
2025-11-17,New Orleans Pelicans,Oklahoma City Thunder,109.0,126.0,False,False,2025-11-17|Oklahoma City Thunder|New Orleans Pelicans,,,,2025-11-17|Oklahoma City Thunder|New Orleans Pelicans,0.00025769186211677873,"[{""p_home_win"": 0.00025769186211677873, ""weight"": 1.0}]",-8.263488294636891,,bradley_terry_hfa,0.0,-17.0
2025-11-17,Denver Nuggets,Chicago Bulls,127.0,130.0,False,False,2025-11-17|Chicago Bulls|Denver Nuggets,,,,2025-11-17|Chicago Bulls|Denver Nuggets,0.8105540336236596,"[{""p_home_win"": 0.8105540336236596, ""weight"": 1.0}]",1.4536141599712264,,bradley_terry_hfa,0.0,-3.0
2025-11-18,Orlando Magic,Golden State Warriors,121.0,113.0,False,False,2025-11-18|Golden State Warriors|Orlando Magic,,,,2025-11-18|Golden State Warriors|Orlando Magic,0.1243626364590952,"[{""p_home_win"": 0.1243626364590952, ""weight"": 1.0}]",-1.9517502514834324,,bradley_terry_hfa,1.0,8.0
2025-11-18,Atlanta Hawks,Detroit Pistons,112.0,120.0,False,False,2025-11-18|Detroit Pistons|Atlanta Hawks,,,,2025-11-18|Detroit Pistons|Atlanta Hawks,0.07316681893800216,"[{""p_home_win"": 0.07316681893800216, ""weight"": 1.0}]",-2.5390315686653038,,bradley_terry_hfa,0.0,-8.0
2025-11-18,Brooklyn Nets,Boston Celtics,99.0,113.0,False,False,2025-11-18|Boston Celtics|Brooklyn Nets,,,,2025-11-18|Boston Celtics|Brooklyn Nets,0.015046010422394921,"[{""p_home_win"": 0.015046010422394921, ""weight"": 1.0}]",-4.1814820611525345,,bradley_terry_hfa,0.0,-14.0
2025-11-18,San Antonio Spurs,Memphis Grizzlies,111.0,101.0,False,False,2025-11-18|Memphis Grizzlies|San Antonio Spurs,,,,2025-11-18|Memphis Grizzlies|San Antonio Spurs,0.8899256216720609,"[{""p_home_win"": 0.8899256216720609, ""weight"": 1.0}]",2.0899815841665403,,bradley_terry_hfa,1.0,10.0
2025-11-18,Los Angeles Lakers,Utah Jazz,140.0,126.0,False,False,2025-11-18|Utah Jazz|Los Angeles Lakers,,,,2025-11-18|Utah Jazz|Los Angeles Lakers,0.9498128567798517,"[{""p_home_win"": 0.9498128567798517, ""weight"": 1.0}]",2.940506089582432,,bradley_terry_hfa,1.0,14.0
2025-11-18,Portland Trail Blazers,Phoenix Suns,110.0,127.0,False,False,2025-11-18|Phoenix Suns|Portland Trail Blazers,,,,2025-11-18|Phoenix Suns|Portland Trail Blazers,0.5649344655197943,"[{""p_home_win"": 0.5649344655197943, ""weight"": 1.0}]",0.26121306046960413,,bradley_terry_hfa,0.0,-17.0
2025-11-19,Cleveland Cavaliers,Houston Rockets,104.0,114.0,False,False,2025-11-19|Houston Rockets|Cleveland Cavaliers,,,,2025-11-19|Houston Rockets|Cleveland Cavaliers,0.09188629251827891,"[{""p_home_win"": 0.09188629251827891, ""weight"": 1.0}]",-2.290817737521408,,bradley_terry_hfa,0.0,-10.0
2025-11-19,Indiana Pacers,Charlotte Hornets,127.0,118.0,False,False,2025-11-19|Charlotte Hornets|Indiana Pacers,,,,2025-11-19|Charlotte Hornets|Indiana Pacers,0.022722153833923234,"[{""p_home_win"": 0.022722153833923234, ""weight"": 1.0}]",-3.761430610292983,,bradley_terry_hfa,1.0,9.0
2025-11-19,Philadelphia 76ers,Toronto Raptors,112.0,121.0,False,False,2025-11-19|Toronto Raptors|Philadelphia 76ers,,,,2025-11-19|Toronto Raptors|Philadelphia 76ers,0.20152870989174582,"[{""p_home_win"": 0.20152870989174582, ""weight"": 1.0}]",-1.3767671601391422,,bradley_terry_hfa,0.0,-9.0
2025-11-19,Miami Heat,Golden State Warriors,110.0,96.0,False,False,2025-11-19|Golden State Warriors|Miami Heat,,,,2025-11-19|Golden State Warriors|Miami Heat,0.2782469792745157,"[{""p_home_win"": 0.2782469792745157, ""weight"": 1.0}]",-0.9531738698733455,,bradley_terry_hfa,1.0,14.0
2025-11-19,Minnesota Timberwolves,Washington Wizards,120.0,109.0,False,False,2025-11-19|Washington Wizards|Minnesota Timberwolves,,,,2025-11-19|Washington Wizards|Minnesota Timberwolves,0.9973216787075265,"[{""p_home_win"": 0.9973216787075265, ""weight"": 1.0}]",5.9198831497127955,,bradley_terry_hfa,1.0,11.0
2025-11-19,New Orleans Pelicans,Denver Nuggets,118.0,125.0,False,False,2025-11-19|Denver Nuggets|New Orleans Pelicans,,,,2025-11-19|Denver Nuggets|New Orleans Pelicans,0.0010622357951585784,"[{""p_home_win"": 0.0010622357951585784, ""weight"": 1.0}]",-6.846316551100286,,bradley_terry_hfa,0.0,-7.0
2025-11-19,Oklahoma City Thunder,Sacramento Kings,113.0,99.0,False,False,2025-11-19|Sacramento Kings|Oklahoma City Thunder,,,,2025-11-19|Sacramento Kings|Oklahoma City Thunder,0.9885681859095216,"[{""p_home_win"": 0.9885681859095216, ""weight"": 1.0}]",4.459857441110828,,bradley_terry_hfa,1.0,14.0
2025-11-19,Dallas Mavericks,New York Knicks,111.0,113.0,False,False,2025-11-19|New York Knicks|Dallas Mavericks,,,,2025-11-19|New York Knicks|Dallas Mavericks,0.002717522589756988,"[{""p_home_win"": 0.002717522589756988, ""weight"": 1.0}]",-5.905313404547892,,bradley_terry_hfa,0.0,-2.0
2025-11-19,Portland Trail Blazers,Chicago Bulls,121.0,122.0,False,False,2025-11-19|Chicago Bulls|Portland Trail Blazers,,,,2025-11-19|Chicago Bulls|Portland Trail Blazers,0.05796217077885008,"[{""p_home_win"": 0.05796217077885008, ""weight"": 1.0}]",-2.7882548623765224,,bradley_terry_hfa,0.0,-1.0
2025-11-20,Orlando Magic,Los Angeles Clippers,129.0,101.0,False,False,2025-11-20|Los Angeles Clippers|Orlando Magic,,,,2025-11-20|Los Angeles Clippers|Orlando Magic,0.8343049064204607,"[{""p_home_win"": 0.8343049064204607, ""weight"": 1.0}]",1.6164496170416265,,bradley_terry_hfa,1.0,28.0
2025-11-20,Memphis Grizzlies,Sacramento Kings,137.0,96.0,False,False,2025-11-20|Sacramento Kings|Memphis Grizzlies,,,,2025-11-20|Sacramento Kings|Memphis Grizzlies,0.1887446439584973,"[{""p_home_win"": 0.1887446439584973, ""weight"": 1.0}]",-1.4581878588571342,,bradley_terry_hfa,1.0,41.0
2025-11-20,Milwaukee Bucks,Philadelphia 76ers,114.0,123.0,False,False,2025-11-20|Philadelphia 76ers|Milwaukee Bucks,,,,2025-11-20|Philadelphia 76ers|Milwaukee Bucks,0.14525420006497353,"[{""p_home_win"": 0.14525420006497353, ""weight"": 1.0}]",-1.7723188032899313,,bradley_terry_hfa,0.0,-9.0
2025-11-20,San Antonio Spurs,Atlanta Hawks,135.0,126.0,False,False,2025-11-20|Atlanta Hawks|San Antonio Spurs,,,,2025-11-20|Atlanta Hawks|San Antonio Spurs,0.22505196046977363,"[{""p_home_win"": 0.22505196046977363, ""weight"": 1.0}]",-1.2364646703740727,,bradley_terry_hfa,1.0,9.0
2025-11-21,Cleveland Cavaliers,Indiana Pacers,120.0,109.0,False,False,2025-11-21|Indiana Pacers|Cleveland Cavaliers,,,,2025-11-21|Indiana Pacers|Cleveland Cavaliers,0.9918566944310757,"[{""p_home_win"": 0.9918566944310757, ""weight"": 1.0}]",4.802382448459514,,bradley_terry_hfa,1.0,11.0
2025-11-21,Boston Celtics,Brooklyn Nets,105.0,113.0,False,False,2025-11-21|Brooklyn Nets|Boston Celtics,,,,2025-11-21|Brooklyn Nets|Boston Celtics,0.9448054827550757,"[{""p_home_win"": 0.9448054827550757, ""weight"": 1.0}]",2.8401154448748462,,bradley_terry_hfa,0.0,-8.0
2025-11-21,Toronto Raptors,Washington Wizards,140.0,110.0,False,False,2025-11-21|Washington Wizards|Toronto Raptors,,,,2025-11-21|Washington Wizards|Toronto Raptors,0.9994212106597297,"[{""p_home_win"": 0.9994212106597297, ""weight"": 1.0}]",7.453993023421414,,bradley_terry_hfa,1.0,30.0
2025-11-21,Chicago Bulls,Miami Heat,107.0,143.0,False,False,2025-11-21|Miami Heat|Chicago Bulls,,,,2025-11-21|Miami Heat|Chicago Bulls,0.38334829934523706,"[{""p_home_win"": 0.38334829934523706, ""weight"": 1.0}]",-0.47536038620400656,,bradley_terry_hfa,0.0,-36.0
2025-11-21,Dallas Mavericks,New Orleans Pelicans,118.0,115.0,False,False,2025-11-21|New Orleans Pelicans|Dallas Mavericks,,,,2025-11-21|New Orleans Pelicans|Dallas Mavericks,0.16821549436511102,"[{""p_home_win"": 0.16821549436511102, ""weight"": 1.0}]",-1.5983275376277408,,bradley_terry_hfa,1.0,3.0
2025-11-21,Phoenix Suns,Minnesota Timberwolves,114.0,113.0,False,False,2025-11-21|Minnesota Timberwolves|Phoenix Suns,,,,2025-11-21|Minnesota Timberwolves|Phoenix Suns,0.09255874418443966,"[{""p_home_win"": 0.09255874418443966, ""weight"": 1.0}]",-2.2827853169505876,,bradley_terry_hfa,1.0,1.0
2025-11-21,Houston Rockets,Denver Nuggets,109.0,112.0,False,False,2025-11-21|Denver Nuggets|Houston Rockets,,,,2025-11-21|Denver Nuggets|Houston Rockets,0.5671423271978752,"[{""p_home_win"": 0.5671423271978752, ""weight"": 1.0}]",0.27020131647098955,,bradley_terry_hfa,0.0,-3.0
2025-11-21,Golden State Warriors,Portland Trail Blazers,123.0,127.0,False,False,2025-11-21|Portland Trail Blazers|Golden State Warriors,,,,2025-11-21|Portland Trail Blazers|Golden State Warriors,0.4779814567680058,"[{""p_home_win"": 0.4779814567680058, ""weight"": 1.0}]",-0.08813117231803491,,bradley_terry_hfa,0.0,-4.0
2025-11-21,Utah Jazz,Oklahoma City Thunder,112.0,144.0,False,False,2025-11-21|Oklahoma City Thunder|Utah Jazz,,,,2025-11-21|Oklahoma City Thunder|Utah Jazz,0.0006438724545313666,"[{""p_home_win"": 0.0006438724545313666, ""weight"": 1.0}]",-7.347365823615309,,bradley_terry_hfa,0.0,-32.0
2025-11-22,Charlotte Hornets,Los Angeles Clippers,116.0,131.0,False,False,2025-11-22|Los Angeles Clippers|Charlotte Hornets,,,,2025-11-22|Los Angeles Clippers|Charlotte Hornets,0.09763527351910217,"[{""p_home_win"": 0.09763527351910217, ""weight"": 1.0}]",-2.223779954283245,,bradley_terry_hfa,0.0,-15.0
2025-11-22,Orlando Magic,New York Knicks,133.0,121.0,False,False,2025-11-22|New York Knicks|Orlando Magic,,,,2025-11-22|New York Knicks|Orlando Magic,0.10195630593084952,"[{""p_home_win"": 0.10195630593084952, ""weight"": 1.0}]",-2.175674375931793,,bradley_terry_hfa,1.0,12.0
2025-11-22,New Orleans Pelicans,Atlanta Hawks,98.0,115.0,False,False,2025-11-22|Atlanta Hawks|New Orleans Pelicans,,,,2025-11-22|Atlanta Hawks|New Orleans Pelicans,0.0005545749490115578,"[{""p_home_win"": 0.0005545749490115578, ""weight"": 1.0}]",-7.496753866490877,,bradley_terry_hfa,0.0,-17.0
2025-11-22,Chicago Bulls,Washington Wizards,121.0,120.0,False,False,2025-11-22|Washington Wizards|Chicago Bulls,,,,2025-11-22|Washington Wizards|Chicago Bulls,0.9989266593591014,"[{""p_home_win"": 0.9989266593591014, ""weight"": 1.0}]",6.835905482743027,,bradley_terry_hfa,1.0,1.0
2025-11-22,Milwaukee Bucks,Detroit Pistons,116.0,129.0,False,False,2025-11-22|Detroit Pistons|Milwaukee Bucks,,,,2025-11-22|Detroit Pistons|Milwaukee Bucks,0.001889143586136076,"[{""p_home_win"": 0.001889143586136076, ""weight"": 1.0}]",-6.269740751364664,,bradley_terry_hfa,0.0,-13.0
2025-11-22,Dallas Mavericks,Memphis Grizzlies,96.0,102.0,False,False,2025-11-22|Memphis Grizzlies|Dallas Mavericks,,,,2025-11-22|Memphis Grizzlies|Dallas Mavericks,0.01918149248566141,"[{""p_home_win"": 0.01918149248566141, ""weight"": 1.0}]",-3.934441553705648,,bradley_terry_hfa,0.0,-6.0
2025-11-22,Denver Nuggets,Sacramento Kings,123.0,128.0,False,False,2025-11-22|Sacramento Kings|Denver Nuggets,,,,2025-11-22|Sacramento Kings|Denver Nuggets,0.9702641961806482,"[{""p_home_win"": 0.9702641961806482, ""weight"": 1.0}]",3.485216566047737,,bradley_terry_hfa,0.0,-5.0
2025-11-23,Philadelphia 76ers,Miami Heat,117.0,127.0,False,False,2025-11-23|Miami Heat|Philadelphia 76ers,,,,2025-11-23|Miami Heat|Philadelphia 76ers,0.07113056464371247,"[{""p_home_win"": 0.07113056464371247, ""weight"": 1.0}]",-2.569451058817429,,bradley_terry_hfa,0.0,-10.0
2025-11-23,Atlanta Hawks,Charlotte Hornets,113.0,110.0,False,False,2025-11-23|Charlotte Hornets|Atlanta Hawks,,,,2025-11-23|Charlotte Hornets|Atlanta Hawks,0.97379486466443,"[{""p_home_win"": 0.97379486466443, ""weight"": 1.0}]",3.6152452734984157,,bradley_terry_hfa,1.0,3.0
2025-11-23,Boston Celtics,Orlando Magic,138.0,129.0,False,False,2025-11-23|Orlando Magic|Boston Celtics,,,,2025-11-23|Orlando Magic|Boston Celtics,0.038350422159080584,"[{""p_home_win"": 0.038350422159080584, ""weight"": 1.0}]",-3.2218845842946147,,bradley_terry_hfa,1.0,9.0
2025-11-23,Cleveland Cavaliers,Los Angeles Clippers,120.0,105.0,False,False,2025-11-23|Los Angeles Clippers|Cleveland Cavaliers,,,,2025-11-23|Los Angeles Clippers|Cleveland Cavaliers,0.9099779473867317,"[{""p_home_win"": 0.9099779473867317, ""weight"": 1.0}]",2.3133656962244338,,bradley_terry_hfa,1.0,15.0
2025-11-23,Toronto Raptors,Brooklyn Nets,119.0,109.0,False,False,2025-11-23|Brooklyn Nets|Toronto Raptors,,,,2025-11-23|Brooklyn Nets|Toronto Raptors,0.9694781665315633,"[{""p_home_win"": 0.9694781665315633, ""weight"": 1.0}]",3.4583156751522512,,bradley_terry_hfa,1.0,10.0
2025-11-23,Oklahoma City Thunder,Portland Trail Blazers,122.0,95.0,False,False,2025-11-23|Portland Trail Blazers|Oklahoma City Thunder,,,,2025-11-23|Portland Trail Blazers|Oklahoma City Thunder,0.9618447010474385,"[{""p_home_win"": 0.9618447010474385, ""weight"": 1.0}]",3.2271883582871554,,bradley_terry_hfa,1.0,27.0
2025-11-23,Phoenix Suns,San Antonio Spurs,111.0,102.0,False,False,2025-11-23|San Antonio Spurs|Phoenix Suns,,,,2025-11-23|San Antonio Spurs|Phoenix Suns,0.020509136929883393,"[{""p_home_win"": 0.020509136929883393, ""weight"": 1.0}]",-3.866162418439349,,bradley_terry_hfa,1.0,9.0
2025-11-23,Utah Jazz,Los Angeles Lakers,106.0,108.0,False,False,2025-11-23|Los Angeles Lakers|Utah Jazz,,,,2025-11-23|Los Angeles Lakers|Utah Jazz,0.0014105688300080526,"[{""p_home_win"": 0.0014105688300080526, ""weight"": 1.0}]",-6.562350665789888,,bradley_terry_hfa,0.0,-2.0
2025-11-24,Indiana Pacers,Detroit Pistons,117.0,122.0,False,False,2025-11-24|Detroit Pistons|Indiana Pacers,,,,2025-11-24|Detroit Pistons|Indiana Pacers,1.04439482916639e-05,"[{""p_home_win"": 1.04439482916639e-05, ""weight"": 1.0}]",-11.469477414145636,,bradley_terry_hfa,0.0,-5.0
2025-11-24,Toronto Raptors,Cleveland Cavaliers,110.0,99.0,False,False,2025-11-24|Cleveland Cavaliers|Toronto Raptors,,,,2025-11-24|Cleveland Cavaliers|Toronto Raptors,0.12626688090963617,"[{""p_home_win"": 0.12626688090963617, ""weight"": 1.0}]",-1.9343772039007354,,bradley_terry_hfa,1.0,11.0
2025-11-24,Brooklyn Nets,New York Knicks,100.0,113.0,False,False,2025-11-24|New York Knicks|Brooklyn Nets,,,,2025-11-24|New York Knicks|Brooklyn Nets,0.0019054051174623048,"[{""p_home_win"": 0.0019054051174623048, ""weight"": 1.0}]",-6.261153410216229,,bradley_terry_hfa,0.0,-13.0
2025-11-24,Miami Heat,Dallas Mavericks,106.0,102.0,False,False,2025-11-24|Dallas Mavericks|Miami Heat,,,,2025-11-24|Dallas Mavericks|Miami Heat,0.9940805480660232,"[{""p_home_win"": 0.9940805480660232, ""weight"": 1.0}]",5.123574371755026,,bradley_terry_hfa,1.0,4.0
2025-11-24,Memphis Grizzlies,Denver Nuggets,115.0,125.0,False,False,2025-11-24|Denver Nuggets|Memphis Grizzlies,,,,2025-11-24|Denver Nuggets|Memphis Grizzlies,0.00298321664307835,"[{""p_home_win"": 0.00298321664307835, ""weight"": 1.0}]",-5.811765474876918,,bradley_terry_hfa,0.0,-10.0
2025-11-24,Milwaukee Bucks,Portland Trail Blazers,103.0,115.0,False,False,2025-11-24|Portland Trail Blazers|Milwaukee Bucks,,,,2025-11-24|Portland Trail Blazers|Milwaukee Bucks,0.0776845032221008,"[{""p_home_win"": 0.0776845032221008, ""weight"": 1.0}]",-2.4742315586674746,,bradley_terry_hfa,0.0,-12.0
2025-11-24,New Orleans Pelicans,Chicago Bulls,143.0,130.0,False,False,2025-11-24|Chicago Bulls|New Orleans Pelicans,,,,2025-11-24|Chicago Bulls|New Orleans Pelicans,0.00018931537877626698,"[{""p_home_win"": 0.00018931537877626698, ""weight"": 1.0}]",-8.571906929513766,,bradley_terry_hfa,1.0,13.0
2025-11-24,Phoenix Suns,Houston Rockets,92.0,114.0,False,False,2025-11-24|Houston Rockets|Phoenix Suns,,,,2025-11-24|Houston Rockets|Phoenix Suns,0.008876213968765099,"[{""p_home_win"": 0.008876213968765099, ""weight"": 1.0}]",-4.715464325532396,,bradley_terry_hfa,0.0,-22.0
2025-11-24,Golden State Warriors,Utah Jazz,134.0,117.0,False,False,2025-11-24|Utah Jazz|Golden State Warriors,,,,2025-11-24|Utah Jazz|Golden State Warriors,0.6422791075715725,"[{""p_home_win"": 0.6422791075715725, ""weight"": 1.0}]",0.5852699039681655,,bradley_terry_hfa,1.0,17.0
2025-11-24,Sacramento Kings,Minnesota Timberwolves,117.0,112.0,False,False,2025-11-24|Minnesota Timberwolves|Sacramento Kings,,,,2025-11-24|Minnesota Timberwolves|Sacramento Kings,0.024349731417004958,"[{""p_home_win"": 0.024349731417004958, ""weight"": 1.0}]",-3.690583371461883,,bradley_terry_hfa,1.0,5.0
2025-11-25,Washington Wizards,Atlanta Hawks,132.0,113.0,False,False,2025-11-25|Atlanta Hawks|Washington Wizards,,,,2025-11-25|Atlanta Hawks|Washington Wizards,8.639145047648771e-06,"[{""p_home_win"": 8.639145047648771e-06, ""weight"": 1.0}]",-11.659198293680527,,bradley_terry_hfa,1.0,19.0
2025-11-25,Philadelphia 76ers,Orlando Magic,103.0,144.0,False,False,2025-11-25|Orlando Magic|Philadelphia 76ers,,,,2025-11-25|Orlando Magic|Philadelphia 76ers,0.126957256183329,"[{""p_home_win"": 0.126957256183329, ""weight"": 1.0}]",-1.9281340523081987,,bradley_terry_hfa,0.0,-41.0
2025-11-25,Los Angeles Lakers,Los Angeles Clippers,135.0,118.0,False,False,2025-11-25|Los Angeles Clippers|Los Angeles Lakers,,,,2025-11-25|Los Angeles Clippers|Los Angeles Lakers,0.9762646159985556,"[{""p_home_win"": 0.9762646159985556, ""weight"": 1.0}]",3.716766742042843,,bradley_terry_hfa,1.0,17.0
2025-11-26,Boston Celtics,Detroit Pistons,117.0,114.0,False,False,2025-11-26|Detroit Pistons|Boston Celtics,,,,2025-11-26|Detroit Pistons|Boston Celtics,0.0008829852058802473,"[{""p_home_win"": 0.0008829852058802473, ""weight"": 1.0}]",-7.03131873661623,,bradley_terry_hfa,1.0,3.0
2025-11-26,Charlotte Hornets,New York Knicks,101.0,129.0,False,False,2025-11-26|New York Knicks|Charlotte Hornets,,,,2025-11-26|New York Knicks|Charlotte Hornets,0.000720553335522036,"[{""p_home_win"": 0.000720553335522036, ""weight"": 1.0}]",-7.23477030649842,,bradley_terry_hfa,0.0,-28.0
2025-11-26,Miami Heat,Milwaukee Bucks,106.0,103.0,False,False,2025-11-26|Milwaukee Bucks|Miami Heat,,,,2025-11-26|Milwaukee Bucks|Miami Heat,0.8403284126974645,"[{""p_home_win"": 0.8403284126974645, ""weight"": 1.0}]",1.6606736564798092,,bradley_terry_hfa,1.0,3.0
2025-11-26,Oklahoma City Thunder,Minnesota Timberwolves,113.0,105.0,False,False,2025-11-26|Minnesota Timberwolves|Oklahoma City Thunder,,,,2025-11-26|Minnesota Timberwolves|Oklahoma City Thunder,0.9710630239562774,"[{""p_home_win"": 0.9710630239562774, ""weight"": 1.0}]",3.5132711472200597,,bradley_terry_hfa,1.0,8.0
2025-11-26,Toronto Raptors,Indiana Pacers,97.0,95.0,False,False,2025-11-26|Indiana Pacers|Toronto Raptors,,,,2025-11-26|Indiana Pacers|Toronto Raptors,0.996312671108821,"[{""p_home_win"": 0.996312671108821, ""weight"": 1.0}]",5.599158816938786,,bradley_terry_hfa,1.0,2.0
2025-11-26,New Orleans Pelicans,Memphis Grizzlies,128.0,133.0,False,False,2025-11-26|Memphis Grizzlies|New Orleans Pelicans,,,,2025-11-26|Memphis Grizzlies|New Orleans Pelicans,0.008575571684658199,"[{""p_home_win"": 0.008575571684658199, ""weight"": 1.0}]",-4.750225065909608,,bradley_terry_hfa,0.0,-5.0
2025-11-26,Golden State Warriors,Houston Rockets,100.0,104.0,False,False,2025-11-26|Houston Rockets|Golden State Warriors,,,,2025-11-26|Houston Rockets|Golden State Warriors,0.004124782203040484,"[{""p_home_win"": 0.004124782203040484, ""weight"": 1.0}]",-5.486608747269798,,bradley_terry_hfa,0.0,-4.0
2025-11-26,Portland Trail Blazers,San Antonio Spurs,102.0,115.0,False,False,2025-11-26|San Antonio Spurs|Portland Trail Blazers,,,,2025-11-26|San Antonio Spurs|Portland Trail Blazers,0.03462392212110952,"[{""p_home_win"": 0.03462392212110952, ""weight"": 1.0}]",-3.3279729094811676,,bradley_terry_hfa,0.0,-13.0
2025-11-26,Sacramento Kings,Phoenix Suns,100.0,112.0,False,False,2025-11-26|Phoenix Suns|Sacramento Kings,,,,2025-11-26|Phoenix Suns|Sacramento Kings,0.026382780544193626,"[{""p_home_win"": 0.026382780544193626, ""weight"": 1.0}]",-3.6083066826636108,,bradley_terry_hfa,0.0,-12.0
2025-11-28,Atlanta Hawks,Cleveland Cavaliers,130.0,123.0,False,False,2025-11-28|Cleveland Cavaliers|Atlanta Hawks,,,,2025-11-28|Cleveland Cavaliers|Atlanta Hawks,0.053876138199249184,"[{""p_home_win"": 0.053876138199249184, ""weight"": 1.0}]",-2.865685817748169,,bradley_terry_hfa,1.0,7.0
2025-11-28,Brooklyn Nets,Philadelphia 76ers,103.0,115.0,False,False,2025-11-28|Philadelphia 76ers|Brooklyn Nets,,,,2025-11-28|Philadelphia 76ers|Brooklyn Nets,0.0019091870970384275,"[{""p_home_win"": 0.0019091870970384275, ""weight"": 1.0}]",-6.259166719245628,,bradley_terry_hfa,0.0,-12.0
2025-11-28,Charlotte Hornets,Chicago Bulls,123.0,116.0,False,False,2025-11-28|Chicago Bulls|Charlotte Hornets,,,,2025-11-28|Chicago Bulls|Charlotte Hornets,0.0005487500676957874,"[{""p_home_win"": 0.0005487500676957874, ""weight"": 1.0}]",-7.507318569525161,,bradley_terry_hfa,1.0,7.0
2025-11-28,Detroit Pistons,Orlando Magic,109.0,112.0,False,False,2025-11-28|Orlando Magic|Detroit Pistons,,,,2025-11-28|Orlando Magic|Detroit Pistons,0.6818370968956509,"[{""p_home_win"": 0.6818370968956509, ""weight"": 1.0}]",0.7622272429291099,,bradley_terry_hfa,0.0,-3.0
2025-11-28,Indiana Pacers,Washington Wizards,119.0,86.0,False,False,2025-11-28|Washington Wizards|Indiana Pacers,,,,2025-11-28|Washington Wizards|Indiana Pacers,0.14197975697551152,"[{""p_home_win"": 0.14197975697551152, ""weight"": 1.0}]",-1.7989432015496467,,bradley_terry_hfa,1.0,33.0
2025-11-28,New York Knicks,Milwaukee Bucks,118.0,109.0,False,False,2025-11-28|Milwaukee Bucks|New York Knicks,,,,2025-11-28|Milwaukee Bucks|New York Knicks,0.5830460956824178,"[{""p_home_win"": 0.5830460956824178, ""weight"": 1.0}]",0.3352905750917108,,bradley_terry_hfa,1.0,9.0
2025-11-28,Denver Nuggets,San Antonio Spurs,136.0,139.0,False,False,2025-11-28|San Antonio Spurs|Denver Nuggets,,,,2025-11-28|San Antonio Spurs|Denver Nuggets,0.18373007572740024,"[{""p_home_win"": 0.18373007572740024, ""weight"": 1.0}]",-1.4912773890167346,,bradley_terry_hfa,0.0,-3.0
2025-11-28,Oklahoma City Thunder,Phoenix Suns,123.0,119.0,False,False,2025-11-28|Phoenix Suns|Oklahoma City Thunder,,,,2025-11-28|Phoenix Suns|Oklahoma City Thunder,0.9490876689474049,"[{""p_home_win"": 0.9490876689474049, ""weight"": 1.0}]",2.9253960201066276,,bradley_terry_hfa,1.0,4.0
2025-11-28,Utah Jazz,Sacramento Kings,128.0,119.0,False,False,2025-11-28|Sacramento Kings|Utah Jazz,,,,2025-11-28|Sacramento Kings|Utah Jazz,0.04492299870093751,"[{""p_home_win"": 0.04492299870093751, ""weight"": 1.0}]",-3.056842082743942,,bradley_terry_hfa,1.0,9.0
2025-11-28,Los Angeles Clippers,Memphis Grizzlies,107.0,112.0,False,False,2025-11-28|Memphis Grizzlies|Los Angeles Clippers,,,,2025-11-28|Memphis Grizzlies|Los Angeles Clippers,0.034069213795305885,"[{""p_home_win"": 0.034069213795305885, ""weight"": 1.0}]",-3.344698026505042,,bradley_terry_hfa,0.0,-5.0
2025-11-28,Los Angeles Lakers,Dallas Mavericks,129.0,119.0,False,False,2025-11-28|Dallas Mavericks|Los Angeles Lakers,,,,2025-11-28|Dallas Mavericks|Los Angeles Lakers,0.9967353569375325,"[{""p_home_win"": 0.9967353569375325, ""weight"": 1.0}]",5.721334860961977,,bradley_terry_hfa,1.0,10.0
2025-11-29,Minnesota Timberwolves,Boston Celtics,119.0,115.0,False,False,2025-11-29|Boston Celtics|Minnesota Timberwolves,,,,2025-11-29|Boston Celtics|Minnesota Timberwolves,0.08217527304226174,"[{""p_home_win"": 0.08217527304226174, ""weight"": 1.0}]",-2.413152000913916,,bradley_terry_hfa,1.0,4.0
2025-11-29,Charlotte Hornets,Toronto Raptors,118.0,111.0,False,False,2025-11-29|Toronto Raptors|Charlotte Hornets,,,,2025-11-29|Toronto Raptors|Charlotte Hornets,0.0001884550842591596,"[{""p_home_win"": 0.0001884550842591596, ""weight"": 1.0}]",-8.576462386417456,,bradley_terry_hfa,1.0,7.0
2025-11-29,Indiana Pacers,Chicago Bulls,103.0,101.0,False,False,2025-11-29|Chicago Bulls|Indiana Pacers,,,,2025-11-29|Chicago Bulls|Indiana Pacers,0.0003963165949974451,"[{""p_home_win"": 0.0003963165949974451, ""weight"": 1.0}]",-7.832900788659592,,bradley_terry_hfa,1.0,2.0
2025-11-29,Miami Heat,Detroit Pistons,135.0,138.0,False,False,2025-11-29|Detroit Pistons|Miami Heat,,,,2025-11-29|Detroit Pistons|Miami Heat,0.04298879119019985,"[{""p_home_win"": 0.04298879119019985, ""weight"": 1.0}]",-3.102875692111415,,bradley_terry_hfa,0.0,-3.0
2025-11-29,Milwaukee Bucks,Brooklyn Nets,116.0,99.0,False,False,2025-11-29|Brooklyn Nets|Milwaukee Bucks,,,,2025-11-29|Brooklyn Nets|Milwaukee Bucks,0.672777292945975,"[{""p_home_win"": 0.672777292945975, ""weight"": 1.0}]",0.7207733576013631,,bradley_terry_hfa,1.0,17.0
2025-11-29,Golden State Warriors,New Orleans Pelicans,104.0,96.0,False,False,2025-11-29|New Orleans Pelicans|Golden State Warriors,,,,2025-11-29|New Orleans Pelicans|Golden State Warriors,0.9613518951368968,"[{""p_home_win"": 0.9613518951368968, ""weight"": 1.0}]",3.2138427774100595,,bradley_terry_hfa,1.0,8.0
2025-11-29,Phoenix Suns,Denver Nuggets,112.0,130.0,False,False,2025-11-29|Denver Nuggets|Phoenix Suns,,,,2025-11-29|Denver Nuggets|Phoenix Suns,0.01173498807438554,"[{""p_home_win"": 0.01173498807438554, ""weight"": 1.0}]",-4.4333760794151615,,bradley_terry_hfa,0.0,-18.0
2025-11-29,Los Angeles Clippers,Dallas Mavericks,110.0,114.0,False,False,2025-11-29|Dallas Mavericks|Los Angeles Clippers,,,,2025-11-29|Dallas Mavericks|Los Angeles Clippers,0.3617425982784078,"[{""p_home_win"": 0.3617425982784078, ""weight"": 1.0}]",-0.5678087485275132,,bradley_terry_hfa,0.0,-4.0
2025-11-30,Utah Jazz,Houston Rockets,101.0,129.0,False,False,2025-11-30|Houston Rockets|Utah Jazz,,,,2025-11-30|Houston Rockets|Utah Jazz,4.567348908096826e-05,"[{""p_home_win"": 4.567348908096826e-05, ""weight"": 1.0}]",-9.993946861496962,,bradley_terry_hfa,0.0,-28.0
2025-11-30,Cleveland Cavaliers,Boston Celtics,115.0,117.0,False,False,2025-11-30|Boston Celtics|Cleveland Cavaliers,,,,2025-11-30|Boston Celtics|Cleveland Cavaliers,0.24788807943003427,"[{""p_home_win"": 0.24788807943003427, ""weight"": 1.0}]",-1.1099077917398503,,bradley_terry_hfa,0.0,-2.0
2025-11-30,New York Knicks,Toronto Raptors,116.0,94.0,False,False,2025-11-30|Toronto Raptors|New York Knicks,,,,2025-11-30|Toronto Raptors|New York Knicks,0.0703155780576356,"[{""p_home_win"": 0.0703155780576356, ""weight"": 1.0}]",-2.581851829056389,,bradley_terry_hfa,1.0,22.0
2025-11-30,Philadelphia 76ers,Atlanta Hawks,134.0,142.0,False,False,2025-11-30|Atlanta Hawks|Philadelphia 76ers,,,,2025-11-30|Atlanta Hawks|Philadelphia 76ers,0.02132821479911697,"[{""p_home_win"": 0.02132821479911697, ""weight"": 1.0}]",-3.826165496550461,,bradley_terry_hfa,0.0,-8.0
2025-11-30,Portland Trail Blazers,Oklahoma City Thunder,115.0,123.0,False,False,2025-11-30|Oklahoma City Thunder|Portland Trail Blazers,,,,2025-11-30|Oklahoma City Thunder|Portland Trail Blazers,0.0001593637365132594,"[{""p_home_win"": 0.0001593637365132594, ""weight"": 1.0}]",-8.744161940970745,,bradley_terry_hfa,0.0,-8.0
2025-11-30,Minnesota Timberwolves,San Antonio Spurs,125.0,112.0,False,False,2025-11-30|San Antonio Spurs|Minnesota Timberwolves,,,,2025-11-30|San Antonio Spurs|Minnesota Timberwolves,0.005153115863673692,"[{""p_home_win"": 0.005153115863673692, ""weight"": 1.0}]",-5.2629872862307705,,bradley_terry_hfa,1.0,13.0
2025-11-30,Sacramento Kings,Memphis Grizzlies,107.0,115.0,False,False,2025-11-30|Memphis Grizzlies|Sacramento Kings,,,,2025-11-30|Memphis Grizzlies|Sacramento Kings,0.023592312215379534,"[{""p_home_win"": 0.023592312215379534, ""weight"": 1.0}]",-3.7229593067127,,bradley_terry_hfa,0.0,-8.0
2025-11-30,Los Angeles Lakers,New Orleans Pelicans,133.0,121.0,False,False,2025-11-30|New Orleans Pelicans|Los Angeles Lakers,,,,2025-11-30|New Orleans Pelicans|Los Angeles Lakers,0.9988734587294833,"[{""p_home_win"": 0.9988734587294833, ""weight"": 1.0}]",6.787475986412243,,bradley_terry_hfa,1.0,12.0
2025-12-01,Detroit Pistons,Atlanta Hawks,99.0,98.0,False,False,2025-12-01|Atlanta Hawks|Detroit Pistons,,,,2025-12-01|Atlanta Hawks|Detroit Pistons,0.47973543116908945,"[{""p_home_win"": 0.47973543116908945, ""weight"": 1.0}]",-0.08110270152173094,,bradley_terry_hfa,1.0,1.0
2025-12-01,Indiana Pacers,Cleveland Cavaliers,119.0,135.0,False,False,2025-12-01|Cleveland Cavaliers|Indiana Pacers,,,,2025-12-01|Cleveland Cavaliers|Indiana Pacers,0.0002677077173061174,"[{""p_home_win"": 0.0002677077173061174, ""weight"": 1.0}]",-8.225347036107369,,bradley_terry_hfa,0.0,-16.0
2025-12-01,Washington Wizards,Milwaukee Bucks,129.0,126.0,False,False,2025-12-01|Milwaukee Bucks|Washington Wizards,,,,2025-12-01|Milwaukee Bucks|Washington Wizards,0.0002311682841602829,"[{""p_home_win"": 0.0002311682841602829, ""weight"": 1.0}]",-8.372133414805848,,bradley_terry_hfa,1.0,3.0
2025-12-01,Brooklyn Nets,Charlotte Hornets,116.0,103.0,False,False,2025-12-01|Charlotte Hornets|Brooklyn Nets,,,,2025-12-01|Charlotte Hornets|Brooklyn Nets,0.0163364593930336,"[{""p_home_win"": 0.0163364593930336, ""weight"": 1.0}]",-4.097884525763556,,bradley_terry_hfa,1.0,13.0
2025-12-01,Miami Heat,Los Angeles Clippers,140.0,123.0,False,False,2025-12-01|Los Angeles Clippers|Miami Heat,,,,2025-12-01|Los Angeles Clippers|Miami Heat,0.9781326208047606,"[{""p_home_win"": 0.9781326208047606, ""weight"": 1.0}]",3.800649273037066,,bradley_terry_hfa,1.0,17.0
2025-12-01,Orlando Magic,Chicago Bulls,125.0,120.0,False,False,2025-12-01|Chicago Bulls|Orlando Magic,,,,2025-12-01|Chicago Bulls|Orlando Magic,0.44756862000151443,"[{""p_home_win"": 0.44756862000151443, ""weight"": 1.0}]",-0.2104993598358771,,bradley_terry_hfa,1.0,5.0
2025-12-01,Denver Nuggets,Dallas Mavericks,121.0,131.0,False,False,2025-12-01|Dallas Mavericks|Denver Nuggets,,,,2025-12-01|Dallas Mavericks|Denver Nuggets,0.9948739254573636,"[{""p_home_win"": 0.9948739254573636, ""weight"": 1.0}]",5.268275851144083,,bradley_terry_hfa,0.0,-10.0
2025-12-01,Utah Jazz,Houston Rockets,133.0,125.0,False,False,2025-12-01|Houston Rockets|Utah Jazz,,,,2025-12-01|Houston Rockets|Utah Jazz,3.246929528845807e-05,"[{""p_home_win"": 3.246929528845807e-05, ""weight"": 1.0}]",-10.335183205728644,,bradley_terry_hfa,1.0,8.0
2025-12-01,Los Angeles Lakers,Phoenix Suns,108.0,125.0,False,False,2025-12-01|Phoenix Suns|Los Angeles Lakers,,,,2025-12-01|Phoenix Suns|Los Angeles Lakers,0.7604882918172846,"[{""p_home_win"": 0.7604882918172846, ""weight"": 1.0}]",1.1553584146093532,,bradley_terry_hfa,0.0,-17.0
2025-12-02,Philadelphia 76ers,Washington Wizards,121.0,102.0,False,False,2025-12-02|Washington Wizards|Philadelphia 76ers,,,,2025-12-02|Washington Wizards|Philadelphia 76ers,0.9542992832269218,"[{""p_home_win"": 0.9542992832269218, ""weight"": 1.0}]",3.0388633542350636,,bradley_terry_hfa,1.0,19.0
2025-12-02,Toronto Raptors,Portland Trail Blazers,121.0,118.0,False,False,2025-12-02|Portland Trail Blazers|Toronto Raptors,,,,2025-12-02|Portland Trail Blazers|Toronto Raptors,0.15923043516587296,"[{""p_home_win"": 0.15923043516587296, ""weight"": 1.0}]",-1.663965190237841,,bradley_terry_hfa,1.0,3.0
2025-12-02,Boston Celtics,New York Knicks,123.0,117.0,False,False,2025-12-02|New York Knicks|Boston Celtics,,,,2025-12-02|New York Knicks|Boston Celtics,0.007391535653274114,"[{""p_home_win"": 0.007391535653274114, ""weight"": 1.0}]",-4.900000775668882,,bradley_terry_hfa,1.0,6.0
2025-12-02,New Orleans Pelicans,Minnesota Timberwolves,142.0,149.0,False,False,2025-12-02|Minnesota Timberwolves|New Orleans Pelicans,,,,2025-12-02|Minnesota Timberwolves|New Orleans Pelicans,6.048558564139647e-05,"[{""p_home_win"": 6.048558564139647e-05, ""weight"": 1.0}]",-9.713044987760686,,bradley_terry_hfa,0.0,-7.0
2025-12-02,San Antonio Spurs,Memphis Grizzlies,126.0,119.0,False,False,2025-12-02|Memphis Grizzlies|San Antonio Spurs,,,,2025-12-02|Memphis Grizzlies|San Antonio Spurs,0.7881925894702062,"[{""p_home_win"": 0.7881925894702062, ""weight"": 1.0}]",1.3140650419850237,,bradley_terry_hfa,1.0,7.0
2025-12-02,Golden State Warriors,Oklahoma City Thunder,112.0,124.0,False,False,2025-12-02|Oklahoma City Thunder|Golden State Warriors,,,,2025-12-02|Oklahoma City Thunder|Golden State Warriors,6.416339850452794e-05,"[{""p_home_win"": 6.416339850452794e-05, ""weight"": 1.0}]",-9.654013461141547,,bradley_terry_hfa,0.0,-12.0
2025-12-03,Cleveland Cavaliers,Portland Trail Blazers,110.0,122.0,False,False,2025-12-03|Portland Trail Blazers|Cleveland Cavaliers,,,,2025-12-03|Portland Trail Blazers|Cleveland Cavaliers,0.14000291392988765,"[{""p_home_win"": 0.14000291392988765, ""weight"": 1.0}]",-1.8152657647736339,,bradley_terry_hfa,0.0,-12.0
2025-12-03,Indiana Pacers,Denver Nuggets,120.0,135.0,False,False,2025-12-03|Denver Nuggets|Indiana Pacers,,,,2025-12-03|Denver Nuggets|Indiana Pacers,2.3466122746688497e-05,"[{""p_home_win"": 2.3466122746688497e-05, ""weight"": 1.0}]",-10.65992929574709,,bradley_terry_hfa,0.0,-15.0
2025-12-03,Orlando Magic,San Antonio Spurs,112.0,114.0,False,False,2025-12-03|San Antonio Spurs|Orlando Magic,,,,2025-12-03|San Antonio Spurs|Orlando Magic,0.02407852176081125,"[{""p_home_win"": 0.02407852176081125, ""weight"": 1.0}]",-3.702061900667195,,bradley_terry_hfa,0.0,-2.0
2025-12-03,Atlanta Hawks,Los Angeles Clippers,92.0,115.0,False,False,2025-12-03|Los Angeles Clippers|Atlanta Hawks,,,,2025-12-03|Los Angeles Clippers|Atlanta Hawks,0.9468025037761494,"[{""p_home_win"": 0.9468025037761494, ""weight"": 1.0}]",2.8790791903192083,,bradley_terry_hfa,0.0,-23.0
2025-12-03,New York Knicks,Charlotte Hornets,119.0,104.0,False,False,2025-12-03|Charlotte Hornets|New York Knicks,,,,2025-12-03|Charlotte Hornets|New York Knicks,0.9579205257857978,"[{""p_home_win"": 0.9579205257857978, ""weight"": 1.0}]",3.1252047426179255,,bradley_terry_hfa,1.0,15.0
2025-12-03,Chicago Bulls,Brooklyn Nets,103.0,113.0,False,False,2025-12-03|Brooklyn Nets|Chicago Bulls,,,,2025-12-03|Brooklyn Nets|Chicago Bulls,0.7880451133327,"[{""p_home_win"": 0.7880451133327, ""weight"": 1.0}]",1.3131818853533472,,bradley_terry_hfa,0.0,-10.0
2025-12-03,Houston Rockets,Sacramento Kings,121.0,95.0,False,False,2025-12-03|Sacramento Kings|Houston Rockets,,,,2025-12-03|Sacramento Kings|Houston Rockets,0.9951344561564412,"[{""p_home_win"": 0.9951344561564412, ""weight"": 1.0}]",5.320699363494709,,bradley_terry_hfa,1.0,26.0
2025-12-03,Milwaukee Bucks,Detroit Pistons,113.0,109.0,False,False,2025-12-03|Detroit Pistons|Milwaukee Bucks,,,,2025-12-03|Detroit Pistons|Milwaukee Bucks,5.998084881544694e-05,"[{""p_home_win"": 5.998084881544694e-05, ""weight"": 1.0}]",-9.721425250454477,,bradley_terry_hfa,1.0,4.0
2025-12-03,Dallas Mavericks,Miami Heat,118.0,108.0,False,False,2025-12-03|Miami Heat|Dallas Mavericks,,,,2025-12-03|Miami Heat|Dallas Mavericks,8.182707345605922e-05,"[{""p_home_win"": 8.182707345605922e-05, ""weight"": 1.0}]",-9.410820567347566,,bradley_terry_hfa,1.0,10.0
2025-12-04,Philadelphia 76ers,Golden State Warriors,99.0,98.0,False,False,2025-12-04|Golden State Warriors|Philadelphia 76ers,,,,2025-12-04|Golden State Warriors|Philadelphia 76ers,0.017530145391241574,"[{""p_home_win"": 0.017530145391241574, ""weight"": 1.0}]",-4.0261476681889885,,bradley_terry_hfa,1.0,1.0
2025-12-04,Washington Wizards,Boston Celtics,101.0,146.0,False,False,2025-12-04|Boston Celtics|Washington Wizards,,,,2025-12-04|Boston Celtics|Washington Wizards,2.515554071983534e-05,"[{""p_home_win"": 2.515554071983534e-05, ""weight"": 1.0}]",-10.59040722287371,,bradley_terry_hfa,0.0,-45.0
2025-12-04,Brooklyn Nets,Utah Jazz,110.0,123.0,False,False,2025-12-04|Utah Jazz|Brooklyn Nets,,,,2025-12-04|Utah Jazz|Brooklyn Nets,0.003102206023872703,"[{""p_home_win"": 0.003102206023872703, ""weight"": 1.0}]",-5.772534772129083,,bradley_terry_hfa,0.0,-13.0
2025-12-04,Toronto Raptors,Los Angeles Lakers,120.0,123.0,False,False,2025-12-04|Los Angeles Lakers|Toronto Raptors,,,,2025-12-04|Los Angeles Lakers|Toronto Raptors,0.004935617960928651,"[{""p_home_win"": 0.004935617960928651, ""weight"": 1.0}]",-5.306329555539782,,bradley_terry_hfa,0.0,-3.0
2025-12-04,New Orleans Pelicans,Minnesota Timberwolves,116.0,125.0,False,False,2025-12-04|Minnesota Timberwolves|New Orleans Pelicans,,,,2025-12-04|Minnesota Timberwolves|New Orleans Pelicans,2.1020308109643385e-05,"[{""p_home_win"": 2.1020308109643385e-05, ""weight"": 1.0}]",-10.770000514166007,,bradley_terry_hfa,0.0,-9.0
2025-12-05,Boston Celtics,Los Angeles Lakers,126.0,105.0,False,False,2025-12-05|Los Angeles Lakers|Boston Celtics,,,,2025-12-05|Los Angeles Lakers|Boston Celtics,0.0007728737641481748,"[{""p_home_win"": 0.0007728737641481748, ""weight"": 1.0}]",-7.1646216565337255,,bradley_terry_hfa,1.0,21.0
2025-12-05,Orlando Magic,Miami Heat,106.0,105.0,False,False,2025-12-05|Miami Heat|Orlando Magic,,,,2025-12-05|Miami Heat|Orlando Magic,0.021866397704106998,"[{""p_home_win"": 0.021866397704106998, ""weight"": 1.0}]",-3.8006951612801236,,bradley_terry_hfa,1.0,1.0
2025-12-05,Atlanta Hawks,Denver Nuggets,133.0,134.0,False,False,2025-12-05|Denver Nuggets|Atlanta Hawks,,,,2025-12-05|Denver Nuggets|Atlanta Hawks,0.006119992983386583,"[{""p_home_win"": 0.006119992983386583, ""weight"": 1.0}]",-5.090055532064429,,bradley_terry_hfa,0.0,-1.0
2025-12-05,Cleveland Cavaliers,San Antonio Spurs,130.0,117.0,False,False,2025-12-05|San Antonio Spurs|Cleveland Cavaliers,,,,2025-12-05|San Antonio Spurs|Cleveland Cavaliers,0.0011249362755230915,"[{""p_home_win"": 0.0011249362755230915, ""weight"": 1.0}]",-6.788903319418294,,bradley_terry_hfa,1.0,13.0
2025-12-05,Detroit Pistons,Portland Trail Blazers,122.0,116.0,False,False,2025-12-05|Portland Trail Blazers|Detroit Pistons,,,,2025-12-05|Portland Trail Blazers|Detroit Pistons,0.664167253265749,"[{""p_home_win"": 0.664167253265749, ""weight"": 1.0}]",0.6819207467523505,,bradley_terry_hfa,1.0,6.0
2025-12-05,New York Knicks,Utah Jazz,146.0,112.0,False,False,2025-12-05|Utah Jazz|New York Knicks,,,,2025-12-05|Utah Jazz|New York Knicks,0.598056842020941,"[{""p_home_win"": 0.598056842020941, ""weight"": 1.0}]",0.3973751224207236,,bradley_terry_hfa,1.0,34.0
2025-12-05,Toronto Raptors,Charlotte Hornets,86.0,111.0,False,False,2025-12-05|Charlotte Hornets|Toronto Raptors,,,,2025-12-05|Charlotte Hornets|Toronto Raptors,0.9317325540835973,"[{""p_home_win"": 0.9317325540835973, ""weight"": 1.0}]",2.6136127951440207,,bradley_terry_hfa,0.0,-25.0
2025-12-05,Chicago Bulls,Indiana Pacers,105.0,120.0,False,False,2025-12-05|Indiana Pacers|Chicago Bulls,,,,2025-12-05|Indiana Pacers|Chicago Bulls,0.693812385940497,"[{""p_home_win"": 0.693812385940497, ""weight"": 1.0}]",0.8180035547836271,,bradley_terry_hfa,0.0,-15.0
2025-12-05,Houston Rockets,Phoenix Suns,117.0,98.0,False,False,2025-12-05|Phoenix Suns|Houston Rockets,,,,2025-12-05|Phoenix Suns|Houston Rockets,0.611817456546657,"[{""p_home_win"": 0.611817456546657, ""weight"": 1.0}]",0.4549582625997983,,bradley_terry_hfa,1.0,19.0
2025-12-05,Memphis Grizzlies,Los Angeles Clippers,107.0,98.0,False,False,2025-12-05|Los Angeles Clippers|Memphis Grizzlies,,,,2025-12-05|Los Angeles Clippers|Memphis Grizzlies,0.26504008584583355,"[{""p_home_win"": 0.26504008584583355, ""weight"": 1.0}]",-1.0199348772705559,,bradley_terry_hfa,1.0,9.0
2025-12-05,Milwaukee Bucks,Philadelphia 76ers,101.0,116.0,False,False,2025-12-05|Philadelphia 76ers|Milwaukee Bucks,,,,2025-12-05|Philadelphia 76ers|Milwaukee Bucks,0.005217222922486169,"[{""p_home_win"": 0.005217222922486169, ""weight"": 1.0}]",-5.250559145687599,,bradley_terry_hfa,0.0,-15.0
2025-12-05,Oklahoma City Thunder,Dallas Mavericks,132.0,111.0,False,False,2025-12-05|Dallas Mavericks|Oklahoma City Thunder,,,,2025-12-05|Dallas Mavericks|Oklahoma City Thunder,0.9995840827059866,"[{""p_home_win"": 0.9995840827059866, ""weight"": 1.0}]",7.784608126125104,,bradley_terry_hfa,1.0,21.0
2025-12-06,Brooklyn Nets,New Orleans Pelicans,119.0,101.0,False,False,2025-12-06|New Orleans Pelicans|Brooklyn Nets,,,,2025-12-06|New Orleans Pelicans|Brooklyn Nets,0.12625199608918541,"[{""p_home_win"": 0.12625199608918541, ""weight"": 1.0}]",-1.9345121303991517,,bradley_terry_hfa,1.0,18.0
2025-12-06,Washington Wizards,Atlanta Hawks,116.0,131.0,False,False,2025-12-06|Atlanta Hawks|Washington Wizards,,,,2025-12-06|Atlanta Hawks|Washington Wizards,1.209880064183704e-05,"[{""p_home_win"": 1.209880064183704e-05, ""weight"": 1.0}]",-11.322392131909844,,bradley_terry_hfa,0.0,-15.0
2025-12-06,Cleveland Cavaliers,Golden State Warriors,94.0,99.0,False,False,2025-12-06|Golden State Warriors|Cleveland Cavaliers,,,,2025-12-06|Golden State Warriors|Cleveland Cavaliers,0.05926743566926673,"[{""p_home_win"": 0.05926743566926673, ""weight"": 1.0}]",-2.764598885880591,,bradley_terry_hfa,0.0,-5.0
2025-12-06,Detroit Pistons,Milwaukee Bucks,124.0,112.0,False,False,2025-12-06|Milwaukee Bucks|Detroit Pistons,,,,2025-12-06|Milwaukee Bucks|Detroit Pistons,0.9658834662795517,"[{""p_home_win"": 0.9658834662795517, ""weight"": 1.0}]",3.343261064994002,,bradley_terry_hfa,1.0,12.0
2025-12-06,Miami Heat,Sacramento Kings,111.0,127.0,False,False,2025-12-06|Sacramento Kings|Miami Heat,,,,2025-12-06|Sacramento Kings|Miami Heat,0.9056651637767362,"[{""p_home_win"": 0.9056651637767362, ""weight"": 1.0}]",2.2618191207838247,,bradley_terry_hfa,0.0,-16.0
2025-12-06,Minnesota Timberwolves,Los Angeles Clippers,109.0,106.0,False,False,2025-12-06|Los Angeles Clippers|Minnesota Timberwolves,,,,2025-12-06|Los Angeles Clippers|Minnesota Timberwolves,0.8815803224613699,"[{""p_home_win"": 0.8815803224613699, ""weight"": 1.0}]",2.0074812138238887,,bradley_terry_hfa,1.0,3.0
2025-12-06,Dallas Mavericks,Houston Rockets,122.0,109.0,False,False,2025-12-06|Houston Rockets|Dallas Mavericks,,,,2025-12-06|Houston Rockets|Dallas Mavericks,2.6930386130956144e-06,"[{""p_home_win"": 2.6930386130956144e-06, ""weight"": 1.0}]",-12.82483771287542,,bradley_terry_hfa,1.0,13.0
2025-12-07,New York Knicks,Orlando Magic,106.0,100.0,False,False,2025-12-07|Orlando Magic|New York Knicks,,,,2025-12-07|Orlando Magic|New York Knicks,0.024564142067121826,"[{""p_home_win"": 0.024564142067121826, ""weight"": 1.0}]",-3.6815966648849145,,bradley_terry_hfa,1.0,6.0
2025-12-07,Toronto Raptors,Boston Celtics,113.0,121.0,False,False,2025-12-07|Boston Celtics|Toronto Raptors,,,,2025-12-07|Boston Celtics|Toronto Raptors,0.0163005853282153,"[{""p_home_win"": 0.0163005853282153, ""weight"": 1.0}]",-4.100119360616938,,bradley_terry_hfa,0.0,-8.0
2025-12-07,Charlotte Hornets,Denver Nuggets,106.0,115.0,False,False,2025-12-07|Denver Nuggets|Charlotte Hornets,,,,2025-12-07|Denver Nuggets|Charlotte Hornets,1.1841054151901542e-05,"[{""p_home_win"": 1.1841054151901542e-05, ""weight"": 1.0}]",-11.343926058247575,,bradley_terry_hfa,0.0,-9.0
2025-12-07,Memphis Grizzlies,Portland Trail Blazers,119.0,96.0,False,False,2025-12-07|Portland Trail Blazers|Memphis Grizzlies,,,,2025-12-07|Portland Trail Blazers|Memphis Grizzlies,0.0074972124057454785,"[{""p_home_win"": 0.0074972124057454785, ""weight"": 1.0}]",-4.885698548998118,,bradley_terry_hfa,1.0,23.0
2025-12-07,Chicago Bulls,Golden State Warriors,91.0,123.0,False,False,2025-12-07|Golden State Warriors|Chicago Bulls,,,,2025-12-07|Golden State Warriors|Chicago Bulls,0.0017545416284371867,"[{""p_home_win"": 0.0017545416284371867, ""weight"": 1.0}]",-6.343791553916138,,bradley_terry_hfa,0.0,-32.0
2025-12-07,Philadelphia 76ers,Los Angeles Lakers,108.0,112.0,False,False,2025-12-07|Los Angeles Lakers|Philadelphia 76ers,,,,2025-12-07|Los Angeles Lakers|Philadelphia 76ers,0.0006984108453559341,"[{""p_home_win"": 0.0006984108453559341, ""weight"": 1.0}]",-7.266004369851469,,bradley_terry_hfa,0.0,-4.0
2025-12-07,Utah Jazz,Oklahoma City Thunder,101.0,131.0,False,False,2025-12-07|Oklahoma City Thunder|Utah Jazz,,,,2025-12-07|Oklahoma City Thunder|Utah Jazz,9.769738918918977e-07,"[{""p_home_win"": 9.769738918918977e-07, ""weight"": 1.0}]",-13.838804931017231,,bradley_terry_hfa,0.0,-30.0
2025-12-08,Indiana Pacers,Sacramento Kings,116.0,105.0,False,False,2025-12-08|Sacramento Kings|Indiana Pacers,,,,2025-12-08|Sacramento Kings|Indiana Pacers,0.001332914096844795,"[{""p_home_win"": 0.001332914096844795, ""weight"": 1.0}]",-6.619053880122401,,bradley_terry_hfa,1.0,11.0
2025-12-08,Minnesota Timberwolves,Phoenix Suns,105.0,108.0,False,False,2025-12-08|Phoenix Suns|Minnesota Timberwolves,,,,2025-12-08|Phoenix Suns|Minnesota Timberwolves,0.032392055684018185,"[{""p_home_win"": 0.032392055684018185, ""weight"": 1.0}]",-3.396913791237484,,bradley_terry_hfa,0.0,-3.0
2025-12-08,New Orleans Pelicans,San Antonio Spurs,132.0,135.0,False,False,2025-12-08|San Antonio Spurs|New Orleans Pelicans,,,,2025-12-08|San Antonio Spurs|New Orleans Pelicans,3.131959693255344e-07,"[{""p_home_win"": 3.131959693255344e-07, ""weight"": 1.0}]",-14.976436429047544,,bradley_terry_hfa,0.0,-3.0
2025-12-09,Orlando Magic,Miami Heat,117.0,108.0,False,False,2025-12-09|Miami Heat|Orlando Magic,,,,2025-12-09|Miami Heat|Orlando Magic,0.035218460125232075,"[{""p_home_win"": 0.035218460125232075, ""weight"": 1.0}]",-3.310331311649108,,bradley_terry_hfa,1.0,9.0
2025-12-09,Toronto Raptors,New York Knicks,101.0,117.0,False,False,2025-12-09|New York Knicks|Toronto Raptors,,,,2025-12-09|New York Knicks|Toronto Raptors,0.0019299575822277668,"[{""p_home_win"": 0.0019299575822277668, ""weight"": 1.0}]",-6.248325432077163,,bradley_terry_hfa,0.0,-16.0
2025-12-10,Oklahoma City Thunder,Phoenix Suns,138.0,89.0,False,False,2025-12-10|Phoenix Suns|Oklahoma City Thunder,,,,2025-12-10|Phoenix Suns|Oklahoma City Thunder,0.9343729737614009,"[{""p_home_win"": 0.9343729737614009, ""weight"": 1.0}]",2.6558880915751484,,bradley_terry_hfa,1.0,49.0
2025-12-10,Los Angeles Lakers,San Antonio Spurs,119.0,132.0,False,False,2025-12-10|San Antonio Spurs|Los Angeles Lakers,,,,2025-12-10|San Antonio Spurs|Los Angeles Lakers,0.05105823645310876,"[{""p_home_win"": 0.05105823645310876, ""weight"": 1.0}]",-2.922380558101602,,bradley_terry_hfa,0.0,-13.0
2025-12-11,Houston Rockets,Los Angeles Clippers,115.0,113.0,False,False,2025-12-11|Los Angeles Clippers|Houston Rockets,,,,2025-12-11|Los Angeles Clippers|Houston Rockets,0.9970787467130312,"[{""p_home_win"": 0.9970787467130312, ""weight"": 1.0}]",5.832817018443976,,bradley_terry_hfa,1.0,2.0
2025-12-11,Milwaukee Bucks,Boston Celtics,116.0,101.0,False,False,2025-12-11|Boston Celtics|Milwaukee Bucks,,,,2025-12-11|Boston Celtics|Milwaukee Bucks,0.00017848620996251704,"[{""p_home_win"": 0.00017848620996251704, ""weight"": 1.0}]",-8.630820712700338,,bradley_terry_hfa,1.0,15.0
2025-12-11,New Orleans Pelicans,Portland Trail Blazers,143.0,120.0,False,False,2025-12-11|Portland Trail Blazers|New Orleans Pelicans,,,,2025-12-11|Portland Trail Blazers|New Orleans Pelicans,2.2762456643823296e-05,"[{""p_home_win"": 2.2762456643823296e-05, ""weight"": 1.0}]",-10.690375254916109,,bradley_terry_hfa,1.0,23.0
2025-12-11,Sacramento Kings,Denver Nuggets,105.0,136.0,False,False,2025-12-11|Denver Nuggets|Sacramento Kings,,,,2025-12-11|Denver Nuggets|Sacramento Kings,8.828897013370572e-06,"[{""p_home_win"": 8.828897013370572e-06, ""weight"": 1.0}]",-11.63747163576283,,bradley_terry_hfa,0.0,-31.0
2025-12-12,Charlotte Hornets,Chicago Bulls,126.0,129.0,False,False,2025-12-12|Chicago Bulls|Charlotte Hornets,,,,2025-12-12|Chicago Bulls|Charlotte Hornets,0.002695688250363547,"[{""p_home_win"": 0.002695688250363547, ""weight"": 1.0}]",-5.913402398595586,,bradley_terry_hfa,0.0,-3.0
2025-12-12,Detroit Pistons,Atlanta Hawks,142.0,115.0,False,False,2025-12-12|Atlanta Hawks|Detroit Pistons,,,,2025-12-12|Atlanta Hawks|Detroit Pistons,0.5617437867536288,"[{""p_home_win"": 0.5617437867536288, ""weight"": 1.0}]",0.24824214938286637,,bradley_terry_hfa,1.0,27.0
2025-12-12,Philadelphia 76ers,Indiana Pacers,115.0,105.0,False,False,2025-12-12|Indiana Pacers|Philadelphia 76ers,,,,2025-12-12|Indiana Pacers|Philadelphia 76ers,0.8500579878033033,"[{""p_home_win"": 0.8500579878033033, ""weight"": 1.0}]",1.735055934104964,,bradley_terry_hfa,1.0,10.0
2025-12-12,Washington Wizards,Cleveland Cavaliers,126.0,130.0,False,False,2025-12-12|Cleveland Cavaliers|Washington Wizards,,,,2025-12-12|Cleveland Cavaliers|Washington Wizards,4.557045268041971e-06,"[{""p_home_win"": 4.557045268041971e-06, ""weight"": 1.0}]",-12.298831554938676,,bradley_terry_hfa,0.0,-4.0
2025-12-12,Memphis Grizzlies,Utah Jazz,126.0,130.0,False,False,2025-12-12|Utah Jazz|Memphis Grizzlies,,,,2025-12-12|Utah Jazz|Memphis Grizzlies,0.04985630290562846,"[{""p_home_win"": 0.04985630290562846, ""weight"": 1.0}]",-2.9474683074151162,,bradley_terry_hfa,0.0,-4.0
2025-12-12,Dallas Mavericks,Brooklyn Nets,119.0,111.0,False,False,2025-12-12|Brooklyn Nets|Dallas Mavericks,,,,2025-12-12|Brooklyn Nets|Dallas Mavericks,0.1736817069344264,"[{""p_home_win"": 0.1736817069344264, ""weight"": 1.0}]",-1.5597556884256782,,bradley_terry_hfa,1.0,8.0
2025-12-12,Golden State Warriors,Minnesota Timberwolves,120.0,127.0,False,False,2025-12-12|Minnesota Timberwolves|Golden State Warriors,,,,2025-12-12|Minnesota Timberwolves|Golden State Warriors,0.011313467890492193,"[{""p_home_win"": 0.011313467890492193, ""weight"": 1.0}]",-4.47038346224671,,bradley_terry_hfa,0.0,-7.0
2025-12-13,Orlando Magic,New York Knicks,120.0,132.0,False,False,2025-12-13|New York Knicks|Orlando Magic,,,,2025-12-13|New York Knicks|Orlando Magic,0.004747516081510546,"[{""p_home_win"": 0.004747516081510546, ""weight"": 1.0}]",-5.345374906588168,,bradley_terry_hfa,0.0,-12.0
2025-12-13,Oklahoma City Thunder,San Antonio Spurs,109.0,111.0,False,False,2025-12-13|San Antonio Spurs|Oklahoma City Thunder,,,,2025-12-13|San Antonio Spurs|Oklahoma City Thunder,0.5026777410506117,"[{""p_home_win"": 0.5026777410506117, ""weight"": 1.0}]",0.010711066605270325,,bradley_terry_hfa,0.0,-2.0
2025-12-14,Indiana Pacers,Washington Wizards,89.0,108.0,False,False,2025-12-14|Washington Wizards|Indiana Pacers,,,,2025-12-14|Washington Wizards|Indiana Pacers,0.1035344806144359,"[{""p_home_win"": 0.1035344806144359, ""weight"": 1.0}]",-2.1585551276819315,,bradley_terry_hfa,0.0,-19.0
2025-12-14,Cleveland Cavaliers,Charlotte Hornets,111.0,119.0,False,False,2025-12-14|Charlotte Hornets|Cleveland Cavaliers,,,,2025-12-14|Charlotte Hornets|Cleveland Cavaliers,0.7950712564110622,"[{""p_home_win"": 0.7950712564110622, ""weight"": 1.0}]",1.3557694148783428,,bradley_terry_hfa,0.0,-8.0
2025-12-14,Atlanta Hawks,Philadelphia 76ers,120.0,117.0,False,False,2025-12-14|Philadelphia 76ers|Atlanta Hawks,,,,2025-12-14|Philadelphia 76ers|Atlanta Hawks,0.017328988256899006,"[{""p_home_win"": 0.017328988256899006, ""weight"": 1.0}]",-4.0378936653490465,,bradley_terry_hfa,1.0,3.0
2025-12-14,Brooklyn Nets,Milwaukee Bucks,127.0,82.0,False,False,2025-12-14|Milwaukee Bucks|Brooklyn Nets,,,,2025-12-14|Milwaukee Bucks|Brooklyn Nets,0.0003733532112955891,"[{""p_home_win"": 0.0003733532112955891, ""weight"": 1.0}]",-7.892612216293969,,bradley_terry_hfa,1.0,45.0
2025-12-14,Chicago Bulls,New Orleans Pelicans,104.0,114.0,False,False,2025-12-14|New Orleans Pelicans|Chicago Bulls,,,,2025-12-14|New Orleans Pelicans|Chicago Bulls,0.6618682131612134,"[{""p_home_win"": 0.6618682131612134, ""weight"": 1.0}]",0.6716307409636615,,bradley_terry_hfa,0.0,-10.0
2025-12-14,Minnesota Timberwolves,Sacramento Kings,117.0,103.0,False,False,2025-12-14|Sacramento Kings|Minnesota Timberwolves,,,,2025-12-14|Sacramento Kings|Minnesota Timberwolves,0.8103175661760127,"[{""p_home_win"": 0.8103175661760127, ""weight"": 1.0}]",1.4520749549544174,,bradley_terry_hfa,1.0,14.0
2025-12-14,Phoenix Suns,Los Angeles Lakers,114.0,116.0,False,False,2025-12-14|Los Angeles Lakers|Phoenix Suns,,,,2025-12-14|Los Angeles Lakers|Phoenix Suns,0.0008025641179455769,"[{""p_home_win"": 0.0008025641179455769, ""weight"": 1.0}]",-7.126895922055317,,bradley_terry_hfa,0.0,-2.0
2025-12-14,Portland Trail Blazers,Golden State Warriors,136.0,131.0,False,False,2025-12-14|Golden State Warriors|Portland Trail Blazers,,,,2025-12-14|Golden State Warriors|Portland Trail Blazers,0.001927808929290999,"[{""p_home_win"": 0.001927808929290999, ""weight"": 1.0}]",-6.249441521225068,,bradley_terry_hfa,1.0,5.0
2025-12-15,Boston Celtics,Detroit Pistons,105.0,112.0,False,False,2025-12-15|Detroit Pistons|Boston Celtics,,,,2025-12-15|Detroit Pistons|Boston Celtics,0.00021236929424237746,"[{""p_home_win"": 0.00021236929424237746, ""weight"": 1.0}]",-8.45697145291318,,bradley_terry_hfa,0.0,-7.0
2025-12-15,Miami Heat,Toronto Raptors,96.0,106.0,False,False,2025-12-15|Toronto Raptors|Miami Heat,,,,2025-12-15|Toronto Raptors|Miami Heat,0.021686022412648095,"[{""p_home_win"": 0.021686022412648095, ""weight"": 1.0}]",-3.8091627344330536,,bradley_terry_hfa,0.0,-10.0
2025-12-15,Utah Jazz,Dallas Mavericks,140.0,133.0,False,False,2025-12-15|Dallas Mavericks|Utah Jazz,,,,2025-12-15|Dallas Mavericks|Utah Jazz,0.022652897395335988,"[{""p_home_win"": 0.022652897395335988, ""weight"": 1.0}]",-3.7645540987805988,,bradley_terry_hfa,1.0,7.0
2025-12-15,Denver Nuggets,Houston Rockets,128.0,125.0,False,False,2025-12-15|Houston Rockets|Denver Nuggets,,,,2025-12-15|Houston Rockets|Denver Nuggets,0.0023544655010396846,"[{""p_home_win"": 0.0023544655010396846, ""weight"": 1.0}]",-6.049084299125663,,bradley_terry_hfa,1.0,3.0
2025-12-15,Los Angeles Clippers,Memphis Grizzlies,103.0,121.0,False,False,2025-12-15|Memphis Grizzlies|Los Angeles Clippers,,,,2025-12-15|Memphis Grizzlies|Los Angeles Clippers,0.00022419978561156675,"[{""p_home_win"": 0.00022419978561156675, ""weight"": 1.0}]",-8.402748778641968,,bradley_terry_hfa,0.0,-18.0
2025-12-16,New York Knicks,San Antonio Spurs,124.0,113.0,False,False,2025-12-16|San Antonio Spurs|New York Knicks,,,,2025-12-16|San Antonio Spurs|New York Knicks,0.0032821655133720706,"[{""p_home_win"": 0.0032821655133720706, ""weight"": 1.0}]",-5.715964293308769,,bradley_terry_hfa,1.0,11.0
2025-12-17,Chicago Bulls,Cleveland Cavaliers,127.0,111.0,False,False,2025-12-17|Cleveland Cavaliers|Chicago Bulls,,,,2025-12-17|Cleveland Cavaliers|Chicago Bulls,0.0005388403494825521,"[{""p_home_win"": 0.0005388403494825521, ""weight"": 1.0}]",-7.525552242974838,,bradley_terry_hfa,1.0,16.0
2025-12-17,Minnesota Timberwolves,Memphis Grizzlies,110.0,116.0,False,False,2025-12-17|Memphis Grizzlies|Minnesota Timberwolves,,,,2025-12-17|Memphis Grizzlies|Minnesota Timberwolves,0.16483862651155037,"[{""p_home_win"": 0.16483862651155037, ""weight"": 1.0}]",-1.6226579936573184,,bradley_terry_hfa,0.0,-6.0
2025-12-18,Charlotte Hornets,Atlanta Hawks,133.0,126.0,False,False,2025-12-18|Atlanta Hawks|Charlotte Hornets,,,,2025-12-18|Atlanta Hawks|Charlotte Hornets,3.0494910596739593e-05,"[{""p_home_win"": 3.0494910596739593e-05, ""weight"": 1.0}]",-10.397920258579628,,bradley_terry_hfa,1.0,7.0
2025-12-18,Indiana Pacers,New York Knicks,113.0,114.0,False,False,2025-12-18|New York Knicks|Indiana Pacers,,,,2025-12-18|New York Knicks|Indiana Pacers,8.266081296197526e-08,"[{""p_home_win"": 8.266081296197526e-08, ""weight"": 1.0}]",-16.308520110239783,,bradley_terry_hfa,0.0,-1.0
2025-12-18,Brooklyn Nets,Miami Heat,95.0,106.0,False,False,2025-12-18|Miami Heat|Brooklyn Nets,,,,2025-12-18|Miami Heat|Brooklyn Nets,9.179959644223256e-06,"[{""p_home_win"": 9.179959644223256e-06, ""weight"": 1.0}]",-11.598478569393869,,bradley_terry_hfa,0.0,-11.0
2025-12-18,Milwaukee Bucks,Toronto Raptors,105.0,111.0,False,False,2025-12-18|Toronto Raptors|Milwaukee Bucks,,,,2025-12-18|Toronto Raptors|Milwaukee Bucks,0.00024918822761349306,"[{""p_home_win"": 0.00024918822761349306, ""weight"": 1.0}]",-8.297052793603015,,bradley_terry_hfa,0.0,-6.0
2025-12-18,New Orleans Pelicans,Houston Rockets,133.0,128.0,False,False,2025-12-18|Houston Rockets|New Orleans Pelicans,,,,2025-12-18|Houston Rockets|New Orleans Pelicans,3.3097271702619804e-08,"[{""p_home_win"": 3.3097271702619804e-08, ""weight"": 1.0}]",-17.223814950766048,,bradley_terry_hfa,1.0,5.0
2025-12-18,Oklahoma City Thunder,Los Angeles Clippers,122.0,101.0,False,False,2025-12-18|Los Angeles Clippers|Oklahoma City Thunder,,,,2025-12-18|Los Angeles Clippers|Oklahoma City Thunder,0.9998806355322385,"[{""p_home_win"": 0.9998806355322385, ""weight"": 1.0}]",9.033209619639193,,bradley_terry_hfa,1.0,21.0
2025-12-18,San Antonio Spurs,Washington Wizards,119.0,94.0,False,False,2025-12-18|Washington Wizards|San Antonio Spurs,,,,2025-12-18|Washington Wizards|San Antonio Spurs,0.9997801347324644,"[{""p_home_win"": 0.9997801347324644, ""weight"": 1.0}]",8.422275730068817,,bradley_terry_hfa,1.0,25.0
2025-12-18,Dallas Mavericks,Detroit Pistons,116.0,114.0,False,False,2025-12-18|Detroit Pistons|Dallas Mavericks,,,,2025-12-18|Detroit Pistons|Dallas Mavericks,9.411396767909525e-07,"[{""p_home_win"": 9.411396767909525e-07, ""weight"": 1.0}]",-13.87617333281437,,bradley_terry_hfa,1.0,2.0
2025-12-18,Denver Nuggets,Orlando Magic,126.0,115.0,False,False,2025-12-18|Orlando Magic|Denver Nuggets,,,,2025-12-18|Orlando Magic|Denver Nuggets,0.08963075616371326,"[{""p_home_win"": 0.08963075616371326, ""weight"": 1.0}]",-2.3181517578329114,,bradley_terry_hfa,1.0,11.0
2025-12-18,Phoenix Suns,Golden State Warriors,99.0,98.0,False,False,2025-12-18|Golden State Warriors|Phoenix Suns,,,,2025-12-18|Golden State Warriors|Phoenix Suns,0.027011749336938982,"[{""p_home_win"": 0.027011749336938982, ""weight"": 1.0}]",-3.5841000747643426,,bradley_terry_hfa,1.0,1.0
2025-12-18,Utah Jazz,Los Angeles Lakers,135.0,143.0,False,False,2025-12-18|Los Angeles Lakers|Utah Jazz,,,,2025-12-18|Los Angeles Lakers|Utah Jazz,8.357605389482407e-06,"[{""p_home_win"": 8.357605389482407e-06, ""weight"": 1.0}]",-11.69233025092295,,bradley_terry_hfa,0.0,-8.0
2025-12-18,Portland Trail Blazers,Sacramento Kings,134.0,133.0,False,False,2025-12-18|Sacramento Kings|Portland Trail Blazers,,,,2025-12-18|Sacramento Kings|Portland Trail Blazers,0.2071770747148976,"[{""p_home_win"": 0.2071770747148976, ""weight"": 1.0}]",-1.3420260384597533,,bradley_terry_hfa,1.0,1.0
2025-12-19,Boston Celtics,Miami Heat,129.0,116.0,False,False,2025-12-19|Miami Heat|Boston Celtics,,,,2025-12-19|Miami Heat|Boston Celtics,0.006895894506747735,"[{""p_home_win"": 0.006895894506747735, ""weight"": 1.0}]",-4.969909262419762,,bradley_terry_hfa,1.0,13.0
2025-12-19,New York Knicks,Philadelphia 76ers,107.0,116.0,False,False,2025-12-19|Philadelphia 76ers|New York Knicks,,,,2025-12-19|Philadelphia 76ers|New York Knicks,0.6042466096816895,"[{""p_home_win"": 0.6042466096816895, ""weight"": 1.0}]",0.42319114323776574,,bradley_terry_hfa,0.0,-9.0
2025-12-19,Atlanta Hawks,San Antonio Spurs,98.0,126.0,False,False,2025-12-19|San Antonio Spurs|Atlanta Hawks,,,,2025-12-19|San Antonio Spurs|Atlanta Hawks,6.564295476951895e-05,"[{""p_home_win"": 6.564295476951895e-05, ""weight"": 1.0}]",-9.63121463287591,,bradley_terry_hfa,0.0,-28.0
2025-12-19,Cleveland Cavaliers,Chicago Bulls,125.0,136.0,False,False,2025-12-19|Chicago Bulls|Cleveland Cavaliers,,,,2025-12-19|Chicago Bulls|Cleveland Cavaliers,0.06320219191544572,"[{""p_home_win"": 0.06320219191544572, ""weight"": 1.0}]",-2.696128489732767,,bradley_terry_hfa,0.0,-11.0
2025-12-19,Minnesota Timberwolves,Oklahoma City Thunder,112.0,107.0,False,False,2025-12-19|Oklahoma City Thunder|Minnesota Timberwolves,,,,2025-12-19|Oklahoma City Thunder|Minnesota Timberwolves,1.0495638664722252e-05,"[{""p_home_win"": 1.0495638664722252e-05, ""weight"": 1.0}]",-11.464540256659646,,bradley_terry_hfa,1.0,5.0
2025-12-20,Denver Nuggets,Houston Rockets,101.0,115.0,False,False,2025-12-20|Houston Rockets|Denver Nuggets,,,,2025-12-20|Houston Rockets|Denver Nuggets,0.015329497462909195,"[{""p_home_win"": 0.015329497462909195, ""weight"": 1.0}]",-4.162528158956689,,bradley_terry_hfa,0.0,-14.0
2025-12-20,New Orleans Pelicans,Indiana Pacers,128.0,109.0,False,False,2025-12-20|Indiana Pacers|New Orleans Pelicans,,,,2025-12-20|Indiana Pacers|New Orleans Pelicans,0.012953806786862507,"[{""p_home_win"": 0.012953806786862507, ""weight"": 1.0}]",-4.33332713464956,,bradley_terry_hfa,1.0,19.0
2025-12-20,Philadelphia 76ers,Dallas Mavericks,121.0,114.0,False,False,2025-12-20|Dallas Mavericks|Philadelphia 76ers,,,,2025-12-20|Dallas Mavericks|Philadelphia 76ers,0.1331307634202328,"[{""p_home_win"": 0.1331307634202328, ""weight"": 1.0}]",-1.8735563137208384,,bradley_terry_hfa,1.0,7.0
2025-12-20,Toronto Raptors,Boston Celtics,96.0,112.0,False,False,2025-12-20|Boston Celtics|Toronto Raptors,,,,2025-12-20|Boston Celtics|Toronto Raptors,0.004633569310882107,"[{""p_home_win"": 0.004633569310882107, ""weight"": 1.0}]",-5.369783460834613,,bradley_terry_hfa,0.0,-16.0
2025-12-20,Detroit Pistons,Charlotte Hornets,112.0,86.0,False,False,2025-12-20|Charlotte Hornets|Detroit Pistons,,,,2025-12-20|Charlotte Hornets|Detroit Pistons,0.994510094736519,"[{""p_home_win"": 0.994510094736519, ""weight"": 1.0}]",5.199339249631109,,bradley_terry_hfa,1.0,26.0
2025-12-20,Memphis Grizzlies,Washington Wizards,122.0,130.0,False,False,2025-12-20|Washington Wizards|Memphis Grizzlies,,,,2025-12-20|Washington Wizards|Memphis Grizzlies,0.9603018543889106,"[{""p_home_win"": 0.9603018543889106, ""weight"": 1.0}]",3.1859431901396515,,bradley_terry_hfa,0.0,-8.0
2025-12-20,Golden State Warriors,Phoenix Suns,119.0,116.0,False,False,2025-12-20|Phoenix Suns|Golden State Warriors,,,,2025-12-20|Phoenix Suns|Golden State Warriors,0.0009947421774585247,"[{""p_home_win"": 0.0009947421774585247, ""weight"": 1.0}]",-6.912031735252914,,bradley_terry_hfa,1.0,3.0
2025-12-20,Utah Jazz,Orlando Magic,127.0,128.0,False,False,2025-12-20|Orlando Magic|Utah Jazz,,,,2025-12-20|Orlando Magic|Utah Jazz,0.00012007467822776867,"[{""p_home_win"": 0.00012007467822776867, ""weight"": 1.0}]",-9.027276608289618,,bradley_terry_hfa,0.0,-1.0
2025-12-20,Sacramento Kings,Portland Trail Blazers,93.0,98.0,False,False,2025-12-20|Portland Trail Blazers|Sacramento Kings,,,,2025-12-20|Portland Trail Blazers|Sacramento Kings,9.841675281857064e-05,"[{""p_home_win"": 9.841675281857064e-05, ""weight"": 1.0}]",-9.22620109458002,,bradley_terry_hfa,0.0,-5.0
2025-12-20,Los Angeles Clippers,Los Angeles Lakers,103.0,88.0,False,False,2025-12-20|Los Angeles Lakers|Los Angeles Clippers,,,,2025-12-20|Los Angeles Lakers|Los Angeles Clippers,4.132318218367995e-08,"[{""p_home_win"": 4.132318218367995e-08, ""weight"": 1.0}]",-17.00184214117936,,bradley_terry_hfa,1.0,15.0
2025-12-21,Atlanta Hawks,Chicago Bulls,150.0,152.0,False,False,2025-12-21|Chicago Bulls|Atlanta Hawks,,,,2025-12-21|Chicago Bulls|Atlanta Hawks,0.06582854335292009,"[{""p_home_win"": 0.06582854335292009, ""weight"": 1.0}]",-2.652606459978929,,bradley_terry_hfa,0.0,-2.0
2025-12-21,Brooklyn Nets,Toronto Raptors,96.0,81.0,False,False,2025-12-21|Toronto Raptors|Brooklyn Nets,,,,2025-12-21|Toronto Raptors|Brooklyn Nets,2.6231647467630547e-06,"[{""p_home_win"": 2.6231647467630547e-06, ""weight"": 1.0}]",-12.851126427357968,,bradley_terry_hfa,1.0,15.0
2025-12-21,New York Knicks,Miami Heat,132.0,125.0,False,False,2025-12-21|Miami Heat|New York Knicks,,,,2025-12-21|Miami Heat|New York Knicks,0.23638052870448203,"[{""p_home_win"": 0.23638052870448203, ""weight"": 1.0}]",-1.1726266746124256,,bradley_terry_hfa,1.0,7.0
2025-12-21,Minnesota Timberwolves,Milwaukee Bucks,103.0,100.0,False,False,2025-12-21|Milwaukee Bucks|Minnesota Timberwolves,,,,2025-12-21|Milwaukee Bucks|Minnesota Timberwolves,0.5891350717613048,"[{""p_home_win"": 0.5891350717613048, ""weight"": 1.0}]",0.36039096250737046,,bradley_terry_hfa,1.0,3.0
2025-12-21,Washington Wizards,San Antonio Spurs,113.0,124.0,False,False,2025-12-21|San Antonio Spurs|Washington Wizards,,,,2025-12-21|San Antonio Spurs|Washington Wizards,3.6411251710917734e-09,"[{""p_home_win"": 3.6411251710917734e-09, ""weight"": 1.0}]",-19.430973086484897,,bradley_terry_hfa,0.0,-11.0
2025-12-21,Sacramento Kings,Houston Rockets,125.0,124.0,False,False,2025-12-21|Houston Rockets|Sacramento Kings,,,,2025-12-21|Houston Rockets|Sacramento Kings,6.85199292464199e-08,"[{""p_home_win"": 6.85199292464199e-08, ""weight"": 1.0}]",-16.496141127568585,,bradley_terry_hfa,1.0,1.0
2025-12-22,Cleveland Cavaliers,Charlotte Hornets,139.0,132.0,False,False,2025-12-22|Charlotte Hornets|Cleveland Cavaliers,,,,2025-12-22|Charlotte Hornets|Cleveland Cavaliers,0.2265426544736655,"[{""p_home_win"": 0.2265426544736655, ""weight"": 1.0}]",-1.2279372765651164,,bradley_terry_hfa,1.0,7.0
2025-12-22,Boston Celtics,Indiana Pacers,103.0,95.0,False,False,2025-12-22|Indiana Pacers|Boston Celtics,,,,2025-12-22|Indiana Pacers|Boston Celtics,0.9956123598409095,"[{""p_home_win"": 0.9956123598409095, ""weight"": 1.0}]",5.424566451507323,,bradley_terry_hfa,1.0,8.0
2025-12-22,New Orleans Pelicans,Dallas Mavericks,119.0,113.0,False,False,2025-12-22|Dallas Mavericks|New Orleans Pelicans,,,,2025-12-22|Dallas Mavericks|New Orleans Pelicans,0.00013438866610095756,"[{""p_home_win"": 0.00013438866610095756, ""weight"": 1.0}]",-8.91464006534007,,bradley_terry_hfa,1.0,6.0
2025-12-22,Denver Nuggets,Utah Jazz,135.0,112.0,False,False,2025-12-22|Utah Jazz|Denver Nuggets,,,,2025-12-22|Utah Jazz|Denver Nuggets,0.9515179144713996,"[{""p_home_win"": 0.9515179144713996, ""weight"": 1.0}]",2.9768641550044634,,bradley_terry_hfa,1.0,23.0
2025-12-22,Oklahoma City Thunder,Memphis Grizzlies,119.0,103.0,False,False,2025-12-22|Memphis Grizzlies|Oklahoma City Thunder,,,,2025-12-22|Memphis Grizzlies|Oklahoma City Thunder,0.9876004623420043,"[{""p_home_win"": 0.9876004623420043, ""weight"": 1.0}]",4.377619039347579,,bradley_terry_hfa,1.0,16.0
2025-12-22,Golden State Warriors,Orlando Magic,120.0,97.0,False,False,2025-12-22|Orlando Magic|Golden State Warriors,,,,2025-12-22|Orlando Magic|Golden State Warriors,0.0002798267052092895,"[{""p_home_win"": 0.0002798267052092895, ""weight"": 1.0}]",-8.181060190501675,,bradley_terry_hfa,1.0,23.0
2025-12-22,Portland Trail Blazers,Detroit Pistons,102.0,110.0,False,False,2025-12-22|Detroit Pistons|Portland Trail Blazers,,,,2025-12-22|Detroit Pistons|Portland Trail Blazers,6.039607308469273e-06,"[{""p_home_win"": 6.039607308469273e-06, ""weight"": 1.0}]",-12.017165523659674,,bradley_terry_hfa,0.0,-8.0
2025-12-23,Charlotte Hornets,Washington Wizards,126.0,109.0,False,False,2025-12-23|Washington Wizards|Charlotte Hornets,,,,2025-12-23|Washington Wizards|Charlotte Hornets,0.09065147602167486,"[{""p_home_win"": 0.09065147602167486, ""weight"": 1.0}]",-2.30570621569821,,bradley_terry_hfa,1.0,17.0
2025-12-23,Philadelphia 76ers,Brooklyn Nets,106.0,114.0,False,False,2025-12-23|Brooklyn Nets|Philadelphia 76ers,,,,2025-12-23|Brooklyn Nets|Philadelphia 76ers,0.9227713947089858,"[{""p_home_win"": 0.9227713947089858, ""weight"": 1.0}]",2.4806116041970254,,bradley_terry_hfa,0.0,-8.0
2025-12-23,Atlanta Hawks,Chicago Bulls,123.0,126.0,False,False,2025-12-23|Chicago Bulls|Atlanta Hawks,,,,2025-12-23|Chicago Bulls|Atlanta Hawks,0.032377467817872305,"[{""p_home_win"": 0.032377467817872305, ""weight"": 1.0}]",-3.3973793219856745,,bradley_terry_hfa,0.0,-3.0
2025-12-23,Cleveland Cavaliers,New Orleans Pelicans,141.0,118.0,False,False,2025-12-23|New Orleans Pelicans|Cleveland Cavaliers,,,,2025-12-23|New Orleans Pelicans|Cleveland Cavaliers,0.5344488891965032,"[{""p_home_win"": 0.5344488891965032, ""weight"": 1.0}]",0.13801421397863578,,bradley_terry_hfa,1.0,23.0
2025-12-23,Indiana Pacers,Milwaukee Bucks,94.0,111.0,False,False,2025-12-23|Milwaukee Bucks|Indiana Pacers,,,,2025-12-23|Milwaukee Bucks|Indiana Pacers,6.173473427279295e-05,"[{""p_home_win"": 6.173473427279295e-05, ""weight"": 1.0}]",-9.692602094634083,,bradley_terry_hfa,0.0,-17.0
2025-12-23,Miami Heat,Toronto Raptors,91.0,112.0,False,False,2025-12-23|Toronto Raptors|Miami Heat,,,,2025-12-23|Toronto Raptors|Miami Heat,0.005762628374097408,"[{""p_home_win"": 0.005762628374097408, ""weight"": 1.0}]",-5.150582297024686,,bradley_terry_hfa,0.0,-21.0
2025-12-23,Dallas Mavericks,Denver Nuggets,131.0,130.0,False,False,2025-12-23|Denver Nuggets|Dallas Mavericks,,,,2025-12-23|Denver Nuggets|Dallas Mavericks,6.430923219109327e-07,"[{""p_home_win"": 6.430923219109327e-07, ""weight"": 1.0}]",-14.256976899968084,,bradley_terry_hfa,1.0,1.0
2025-12-23,Minnesota Timberwolves,New York Knicks,115.0,104.0,False,False,2025-12-23|New York Knicks|Minnesota Timberwolves,,,,2025-12-23|New York Knicks|Minnesota Timberwolves,0.00035176103578163424,"[{""p_home_win"": 0.00035176103578163424, ""weight"": 1.0}]",-7.952206665608726,,bradley_terry_hfa,1.0,11.0
2025-12-23,San Antonio Spurs,Oklahoma City Thunder,130.0,110.0,False,False,2025-12-23|Oklahoma City Thunder|San Antonio Spurs,,,,2025-12-23|Oklahoma City Thunder|San Antonio Spurs,0.0004286138652052172,"[{""p_home_win"": 0.0004286138652052172, ""weight"": 1.0}]",-7.754525419712823,,bradley_terry_hfa,1.0,20.0
2025-12-23,Phoenix Suns,Los Angeles Lakers,132.0,108.0,False,False,2025-12-23|Los Angeles Lakers|Phoenix Suns,,,,2025-12-23|Los Angeles Lakers|Phoenix Suns,7.654607483854509e-05,"[{""p_home_win"": 7.654607483854509e-05, ""weight"": 1.0}]",-9.477541163957069,,bradley_terry_hfa,1.0,24.0
2025-12-23,Utah Jazz,Memphis Grizzlies,128.0,137.0,False,False,2025-12-23|Memphis Grizzlies|Utah Jazz,,,,2025-12-23|Memphis Grizzlies|Utah Jazz,0.0008503208566243671,"[{""p_home_win"": 0.0008503208566243671, ""weight"": 1.0}]",-7.069046118740869,,bradley_terry_hfa,0.0,-9.0
2025-12-23,Portland Trail Blazers,Orlando Magic,106.0,110.0,False,False,2025-12-23|Orlando Magic|Portland Trail Blazers,,,,2025-12-23|Orlando Magic|Portland Trail Blazers,0.00023104153900359675,"[{""p_home_win"": 0.00023104153900359675, ""weight"": 1.0}]",-8.372681972849009,,bradley_terry_hfa,0.0,-4.0
2025-12-23,Sacramento Kings,Detroit Pistons,127.0,136.0,False,False,2025-12-23|Detroit Pistons|Sacramento Kings,,,,2025-12-23|Detroit Pistons|Sacramento Kings,4.090072887677651e-08,"[{""p_home_win"": 4.090072887677651e-08, ""weight"": 1.0}]",-17.012117912207636,,bradley_terry_hfa,0.0,-9.0
2025-12-23,Los Angeles Clippers,Houston Rockets,128.0,108.0,False,False,2025-12-23|Houston Rockets|Los Angeles Clippers,,,,2025-12-23|Houston Rockets|Los Angeles Clippers,1.4401360066791276e-07,"[{""p_home_win"": 1.4401360066791276e-07, ""weight"": 1.0}]",-15.753357948734106,,bradley_terry_hfa,1.0,20.0
2025-12-25,New York Knicks,Cleveland Cavaliers,126.0,124.0,False,False,2025-12-25|Cleveland Cavaliers|New York Knicks,,,,2025-12-25|Cleveland Cavaliers|New York Knicks,0.49193611615153826,"[{""p_home_win"": 0.49193611615153826, ""weight"": 1.0}]",-0.03225833243787957,,bradley_terry_hfa,1.0,2.0
2025-12-25,Oklahoma City Thunder,San Antonio Spurs,102.0,117.0,False,False,2025-12-25|San Antonio Spurs|Oklahoma City Thunder,,,,2025-12-25|San Antonio Spurs|Oklahoma City Thunder,0.012768548745164759,"[{""p_home_win"": 0.012768548745164759, ""weight"": 1.0}]",-4.347919493749,,bradley_terry_hfa,0.0,-15.0
2025-12-25,Golden State Warriors,Dallas Mavericks,126.0,116.0,False,False,2025-12-25|Dallas Mavericks|Golden State Warriors,,,,2025-12-25|Dallas Mavericks|Golden State Warriors,0.09983993160729437,"[{""p_home_win"": 0.09983993160729437, ""weight"": 1.0}]",-2.1990043816820872,,bradley_terry_hfa,1.0,10.0
2025-12-25,Los Angeles Lakers,Houston Rockets,96.0,119.0,False,False,2025-12-25|Houston Rockets|Los Angeles Lakers,,,,2025-12-25|Houston Rockets|Los Angeles Lakers,0.012235831388931907,"[{""p_home_win"": 0.012235831388931907, ""weight"": 1.0}]",-4.391075327241309,,bradley_terry_hfa,0.0,-23.0
2025-12-25,Denver Nuggets,Minnesota Timberwolves,142.0,138.0,False,False,2025-12-25|Minnesota Timberwolves|Denver Nuggets,,,,2025-12-25|Minnesota Timberwolves|Denver Nuggets,0.022849007078733434,"[{""p_home_win"": 0.022849007078733434, ""weight"": 1.0}]",-3.7557335251043216,,bradley_terry_hfa,1.0,4.0
2025-12-26,Atlanta Hawks,Miami Heat,111.0,126.0,False,False,2025-12-26|Miami Heat|Atlanta Hawks,,,,2025-12-26|Miami Heat|Atlanta Hawks,0.0016530208011530602,"[{""p_home_win"": 0.0016530208011530602, ""weight"": 1.0}]",-6.403496487795256,,bradley_terry_hfa,0.0,-15.0
2025-12-26,Indiana Pacers,Boston Celtics,122.0,140.0,False,False,2025-12-26|Boston Celtics|Indiana Pacers,,,,2025-12-26|Boston Celtics|Indiana Pacers,1.5382811075152322e-08,"[{""p_home_win"": 1.5382811075152322e-08, ""weight"": 1.0}]",-17.99001509947005,,bradley_terry_hfa,0.0,-18.0
2025-12-26,Orlando Magic,Charlotte Hornets,105.0,120.0,False,False,2025-12-26|Charlotte Hornets|Orlando Magic,,,,2025-12-26|Charlotte Hornets|Orlando Magic,0.9400337995292533,"[{""p_home_win"": 0.9400337995292533, ""weight"": 1.0}]",2.752134753556497,,bradley_terry_hfa,0.0,-15.0
2025-12-26,Washington Wizards,Toronto Raptors,138.0,117.0,False,False,2025-12-26|Toronto Raptors|Washington Wizards,,,,2025-12-26|Toronto Raptors|Washington Wizards,7.975676680712399e-08,"[{""p_home_win"": 7.975676680712399e-08, ""weight"": 1.0}]",-16.344284168878197,,bradley_terry_hfa,1.0,21.0
2025-12-26,Chicago Bulls,Philadelphia 76ers,109.0,102.0,False,False,2025-12-26|Philadelphia 76ers|Chicago Bulls,,,,2025-12-26|Philadelphia 76ers|Chicago Bulls,0.0004216140471676009,"[{""p_home_win"": 0.0004216140471676009, ""weight"": 1.0}]",-7.770998539632087,,bradley_terry_hfa,1.0,7.0
2025-12-26,Memphis Grizzlies,Milwaukee Bucks,125.0,104.0,False,False,2025-12-26|Milwaukee Bucks|Memphis Grizzlies,,,,2025-12-26|Milwaukee Bucks|Memphis Grizzlies,0.04735449318030667,"[{""p_home_win"": 0.04735449318030667, ""weight"": 1.0}]",-3.001581150337521,,bradley_terry_hfa,1.0,21.0
2025-12-26,New Orleans Pelicans,Phoenix Suns,108.0,115.0,False,False,2025-12-26|Phoenix Suns|New Orleans Pelicans,,,,2025-12-26|Phoenix Suns|New Orleans Pelicans,7.418415221531392e-07,"[{""p_home_win"": 7.418415221531392e-07, ""weight"": 1.0}]",-14.114129456752973,,bradley_terry_hfa,0.0,-7.0
2025-12-26,Utah Jazz,Detroit Pistons,131.0,129.0,False,False,2025-12-26|Detroit Pistons|Utah Jazz,,,,2025-12-26|Detroit Pistons|Utah Jazz,5.038099420201344e-08,"[{""p_home_win"": 5.038099420201344e-08, ""weight"": 1.0}]",-16.803651781774263,,bradley_terry_hfa,1.0,2.0
2025-12-26,Portland Trail Blazers,Los Angeles Clippers,103.0,119.0,False,False,2025-12-26|Los Angeles Clippers|Portland Trail Blazers,,,,2025-12-26|Los Angeles Clippers|Portland Trail Blazers,0.13717192338228798,"[{""p_home_win"": 0.13717192338228798, ""weight"": 1.0}]",-1.8389804009877233,,bradley_terry_hfa,0.0,-16.0
2025-12-27,Sacramento Kings,Dallas Mavericks,113.0,107.0,False,False,2025-12-27|Dallas Mavericks|Sacramento Kings,,,,2025-12-27|Dallas Mavericks|Sacramento Kings,0.00028034410999774943,"[{""p_home_win"": 0.00028034410999774943, ""weight"": 1.0}]",-8.179212361662039,,bradley_terry_hfa,1.0,6.0
2025-12-27,New Orleans Pelicans,Phoenix Suns,114.0,123.0,False,False,2025-12-27|Phoenix Suns|New Orleans Pelicans,,,,2025-12-27|Phoenix Suns|New Orleans Pelicans,2.152493894599363e-07,"[{""p_home_win"": 2.152493894599363e-07, ""weight"": 1.0}]",-15.351468314816241,,bradley_terry_hfa,0.0,-9.0
2025-12-27,Orlando Magic,Denver Nuggets,127.0,126.0,False,False,2025-12-27|Denver Nuggets|Orlando Magic,,,,2025-12-27|Denver Nuggets|Orlando Magic,4.485899658157762e-05,"[{""p_home_win"": 4.485899658157762e-05, ""weight"": 1.0}]",-10.011941536895398,,bradley_terry_hfa,1.0,1.0
2025-12-27,Atlanta Hawks,New York Knicks,125.0,128.0,False,False,2025-12-27|New York Knicks|Atlanta Hawks,,,,2025-12-27|New York Knicks|Atlanta Hawks,3.977450677716865e-06,"[{""p_home_win"": 3.977450677716865e-06, ""weight"": 1.0}]",-12.434865499675364,,bradley_terry_hfa,0.0,-3.0
2025-12-27,Chicago Bulls,Milwaukee Bucks,103.0,112.0,False,False,2025-12-27|Milwaukee Bucks|Chicago Bulls,,,,2025-12-27|Milwaukee Bucks|Chicago Bulls,0.06442480777179016,"[{""p_home_win"": 0.06442480777179016, ""weight"": 1.0}]",-2.675662746215269,,bradley_terry_hfa,0.0,-9.0
2025-12-27,Houston Rockets,Cleveland Cavaliers,117.0,100.0,False,False,2025-12-27|Cleveland Cavaliers|Houston Rockets,,,,2025-12-27|Cleveland Cavaliers|Houston Rockets,0.25902925089666,"[{""p_home_win"": 0.25902925089666, ""weight"": 1.0}]",-1.0510201564751709,,bradley_terry_hfa,1.0,17.0
2025-12-27,Miami Heat,Indiana Pacers,142.0,116.0,False,False,2025-12-27|Indiana Pacers|Miami Heat,,,,2025-12-27|Indiana Pacers|Miami Heat,0.9868269402962451,"[{""p_home_win"": 0.9868269402962451, ""weight"": 1.0}]",4.316320872427843,,bradley_terry_hfa,1.0,26.0
2025-12-27,Minnesota Timberwolves,Brooklyn Nets,107.0,123.0,False,False,2025-12-27|Brooklyn Nets|Minnesota Timberwolves,,,,2025-12-27|Brooklyn Nets|Minnesota Timberwolves,0.9696812481737752,"[{""p_home_win"": 0.9696812481737752, ""weight"": 1.0}]",3.4652010141176053,,bradley_terry_hfa,0.0,-16.0
2025-12-27,San Antonio Spurs,Utah Jazz,114.0,127.0,False,False,2025-12-27|Utah Jazz|San Antonio Spurs,,,,2025-12-27|Utah Jazz|San Antonio Spurs,0.9945063160683303,"[{""p_home_win"": 0.9945063160683303, ""weight"": 1.0}]",5.198647392983325,,bradley_terry_hfa,0.0,-13.0
2025-12-28,Oklahoma City Thunder,Philadelphia 76ers,129.0,104.0,False,False,2025-12-28|Philadelphia 76ers|Oklahoma City Thunder,,,,2025-12-28|Philadelphia 76ers|Oklahoma City Thunder,0.8771000857484361,"[{""p_home_win"": 0.8771000857484361, ""weight"": 1.0}]",1.9652507898581657,,bradley_terry_hfa,1.0,25.0
2025-12-28,Toronto Raptors,Golden State Warriors,141.0,127.0,False,False,2025-12-28|Golden State Warriors|Toronto Raptors,,,,2025-12-28|Golden State Warriors|Toronto Raptors,0.0017092522470931093,"[{""p_home_win"": 0.0017092522470931093, ""weight"": 1.0}]",-6.369988571819686,,bradley_terry_hfa,1.0,14.0
2025-12-28,Portland Trail Blazers,Boston Celtics,114.0,108.0,False,False,2025-12-28|Boston Celtics|Portland Trail Blazers,,,,2025-12-28|Boston Celtics|Portland Trail Blazers,3.233566415912531e-06,"[{""p_home_win"": 3.233566415912531e-06, ""weight"": 1.0}]",-12.641921642753946,,bradley_terry_hfa,1.0,6.0
2025-12-28,Washington Wizards,Memphis Grizzlies,116.0,112.0,False,False,2025-12-28|Memphis Grizzlies|Washington Wizards,,,,2025-12-28|Memphis Grizzlies|Washington Wizards,2.467217233618204e-07,"[{""p_home_win"": 2.467217233618204e-07, ""weight"": 1.0}]",-15.215004514782404,,bradley_terry_hfa,1.0,4.0
2025-12-28,Los Angeles Clippers,Detroit Pistons,112.0,99.0,False,False,2025-12-28|Detroit Pistons|Los Angeles Clippers,,,,2025-12-28|Detroit Pistons|Los Angeles Clippers,1.0366958792908243e-08,"[{""p_home_win"": 1.0366958792908243e-08, ""weight"": 1.0}]",-18.38464211707919,,bradley_terry_hfa,1.0,13.0
2025-12-28,Los Angeles Lakers,Sacramento Kings,125.0,101.0,False,False,2025-12-28|Sacramento Kings|Los Angeles Lakers,,,,2025-12-28|Sacramento Kings|Los Angeles Lakers,0.9907391945150515,"[{""p_home_win"": 0.9907391945150515, ""weight"": 1.0}]",4.672660295351541,,bradley_terry_hfa,1.0,24.0
2025-12-29,Charlotte Hornets,Milwaukee Bucks,113.0,123.0,False,False,2025-12-29|Milwaukee Bucks|Charlotte Hornets,,,,2025-12-29|Milwaukee Bucks|Charlotte Hornets,0.0007107197126221193,"[{""p_home_win"": 0.0007107197126221193, ""weight"": 1.0}]",-7.248521449212221,,bradley_terry_hfa,0.0,-10.0
2025-12-29,Washington Wizards,Phoenix Suns,101.0,115.0,False,False,2025-12-29|Phoenix Suns|Washington Wizards,,,,2025-12-29|Phoenix Suns|Washington Wizards,9.743155177229435e-09,"[{""p_home_win"": 9.743155177229435e-09, ""weight"": 1.0}]",-18.446700821838807,,bradley_terry_hfa,0.0,-14.0
2025-12-29,Brooklyn Nets,Golden State Warriors,107.0,120.0,False,False,2025-12-29|Golden State Warriors|Brooklyn Nets,,,,2025-12-29|Golden State Warriors|Brooklyn Nets,4.645805243865917e-06,"[{""p_home_win"": 4.645805243865917e-06, ""weight"": 1.0}]",-12.279541197777679,,bradley_terry_hfa,0.0,-13.0
2025-12-29,Miami Heat,Denver Nuggets,147.0,123.0,False,False,2025-12-29|Denver Nuggets|Miami Heat,,,,2025-12-29|Denver Nuggets|Miami Heat,1.5168835462929235e-05,"[{""p_home_win"": 1.5168835462929235e-05, ""weight"": 1.0}]",-11.09625236439237,,bradley_terry_hfa,1.0,24.0
2025-12-29,Toronto Raptors,Orlando Magic,107.0,106.0,False,False,2025-12-29|Orlando Magic|Toronto Raptors,,,,2025-12-29|Orlando Magic|Toronto Raptors,0.0003610821778452802,"[{""p_home_win"": 0.0003610821778452802, ""weight"": 1.0}]",-7.926043838693002,,bradley_terry_hfa,1.0,1.0
2025-12-29,Chicago Bulls,Minnesota Timberwolves,101.0,136.0,False,False,2025-12-29|Minnesota Timberwolves|Chicago Bulls,,,,2025-12-29|Minnesota Timberwolves|Chicago Bulls,2.2920830727360393e-05,"[{""p_home_win"": 2.2920830727360393e-05, ""weight"": 1.0}]",-10.683441501031911,,bradley_terry_hfa,0.0,-35.0
2025-12-29,Houston Rockets,Indiana Pacers,126.0,119.0,False,False,2025-12-29|Indiana Pacers|Houston Rockets,,,,2025-12-29|Indiana Pacers|Houston Rockets,0.9999092501309371,"[{""p_home_win"": 0.9999092501309371, ""weight"": 1.0}]",9.307312773666624,,bradley_terry_hfa,1.0,7.0
2025-12-29,New Orleans Pelicans,New York Knicks,125.0,130.0,False,False,2025-12-29|New York Knicks|New Orleans Pelicans,,,,2025-12-29|New York Knicks|New Orleans Pelicans,1.1079722947131572e-09,"[{""p_home_win"": 1.1079722947131572e-09, ""weight"": 1.0}]",-20.62073425259749,,bradley_terry_hfa,0.0,-5.0
2025-12-29,Oklahoma City Thunder,Atlanta Hawks,140.0,129.0,False,False,2025-12-29|Atlanta Hawks|Oklahoma City Thunder,,,,2025-12-29|Atlanta Hawks|Oklahoma City Thunder,0.9806810493985372,"[{""p_home_win"": 0.9806810493985372, ""weight"": 1.0}]",3.92716076805098,,bradley_terry_hfa,1.0,11.0
2025-12-29,San Antonio Spurs,Cleveland Cavaliers,101.0,113.0,False,False,2025-12-29|Cleveland Cavaliers|San Antonio Spurs,,,,2025-12-29|Cleveland Cavaliers|San Antonio Spurs,0.7750084079876609,"[{""p_home_win"": 0.7750084079876609, ""weight"": 1.0}]",1.2368108456386944,,bradley_terry_hfa,0.0,-12.0
2025-12-29,Portland Trail Blazers,Dallas Mavericks,125.0,122.0,False,False,2025-12-29|Dallas Mavericks|Portland Trail Blazers,,,,2025-12-29|Dallas Mavericks|Portland Trail Blazers,0.014814830161146724,"[{""p_home_win"": 0.014814830161146724, ""weight"": 1.0}]",-4.197200896207837,,bradley_terry_hfa,1.0,3.0
2025-12-30,Memphis Grizzlies,Philadelphia 76ers,136.0,139.0,False,False,2025-12-30|Philadelphia 76ers|Memphis Grizzlies,,,,2025-12-30|Philadelphia 76ers|Memphis Grizzlies,0.0003050945972600105,"[{""p_home_win"": 0.0003050945972600105, ""weight"": 1.0}]",-8.094583533346027,,bradley_terry_hfa,0.0,-3.0
2025-12-30,Utah Jazz,Boston Celtics,119.0,129.0,False,False,2025-12-30|Boston Celtics|Utah Jazz,,,,2025-12-30|Boston Celtics|Utah Jazz,5.384916438296735e-06,"[{""p_home_win"": 5.384916438296735e-06, ""weight"": 1.0}]",-12.131903380039025,,bradley_terry_hfa,0.0,-10.0
2025-12-30,Los Angeles Lakers,Detroit Pistons,106.0,128.0,False,False,2025-12-30|Detroit Pistons|Los Angeles Lakers,,,,2025-12-30|Detroit Pistons|Los Angeles Lakers,0.0010854990968811335,"[{""p_home_win"": 0.0010854990968811335, ""weight"": 1.0}]",-6.824629311952766,,bradley_terry_hfa,0.0,-22.0
2025-12-30,Los Angeles Clippers,Sacramento Kings,131.0,90.0,False,False,2025-12-30|Sacramento Kings|Los Angeles Clippers,,,,2025-12-30|Sacramento Kings|Los Angeles Clippers,0.003887555100194488,"[{""p_home_win"": 0.003887555100194488, ""weight"": 1.0}]",-5.546079696609642,,bradley_terry_hfa,1.0,41.0
2025-12-31,Charlotte Hornets,Golden State Warriors,125.0,132.0,False,False,2025-12-31|Golden State Warriors|Charlotte Hornets,,,,2025-12-31|Golden State Warriors|Charlotte Hornets,2.8715576608513248e-06,"[{""p_home_win"": 2.8715576608513248e-06, ""weight"": 1.0}]",-12.7606530648879,,bradley_terry_hfa,0.0,-7.0
2025-12-31,Atlanta Hawks,Minnesota Timberwolves,126.0,102.0,False,False,2025-12-31|Minnesota Timberwolves|Atlanta Hawks,,,,2025-12-31|Minnesota Timberwolves|Atlanta Hawks,2.0081570084319533e-05,"[{""p_home_win"": 2.0081570084319533e-05, ""weight"": 1.0}]",-10.81568799297564,,bradley_terry_hfa,1.0,24.0
2025-12-31,Indiana Pacers,Orlando Magic,110.0,112.0,False,False,2025-12-31|Orlando Magic|Indiana Pacers,,,,2025-12-31|Orlando Magic|Indiana Pacers,4.4298682269043215e-09,"[{""p_home_win"": 4.4298682269043215e-09, ""weight"": 1.0}]",-19.2348959945217,,bradley_terry_hfa,0.0,-2.0
2025-12-31,Cleveland Cavaliers,Phoenix Suns,129.0,113.0,False,False,2025-12-31|Phoenix Suns|Cleveland Cavaliers,,,,2025-12-31|Phoenix Suns|Cleveland Cavaliers,9.686544449328186e-05,"[{""p_home_win"": 9.686544449328186e-05, ""weight"": 1.0}]",-9.24209084250821,,bradley_terry_hfa,1.0,16.0
2025-12-31,Chicago Bulls,New Orleans Pelicans,134.0,118.0,False,False,2025-12-31|New Orleans Pelicans|Chicago Bulls,,,,2025-12-31|New Orleans Pelicans|Chicago Bulls,0.2685734760808171,"[{""p_home_win"": 0.2685734760808171, ""weight"": 1.0}]",-1.0018722392002886,,bradley_terry_hfa,1.0,16.0
2025-12-31,San Antonio Spurs,New York Knicks,134.0,132.0,False,False,2025-12-31|New York Knicks|San Antonio Spurs,,,,2025-12-31|New York Knicks|San Antonio Spurs,0.001052826621835116,"[{""p_home_win"": 0.001052826621835116, ""weight"": 1.0}]",-6.855223329782346,,bradley_terry_hfa,1.0,2.0
2025-12-31,Toronto Raptors,Denver Nuggets,103.0,106.0,False,False,2025-12-31|Denver Nuggets|Toronto Raptors,,,,2025-12-31|Denver Nuggets|Toronto Raptors,3.7128949832697176e-05,"[{""p_home_win"": 3.7128949832697176e-05, ""weight"": 1.0}]",-10.20107644406167,,bradley_terry_hfa,0.0,-3.0
2025-12-31,Milwaukee Bucks,Washington Wizards,113.0,114.0,False,False,2025-12-31|Washington Wizards|Milwaukee Bucks,,,,2025-12-31|Washington Wizards|Milwaukee Bucks,0.3290159389585373,"[{""p_home_win"": 0.3290159389585373, ""weight"": 1.0}]",-0.7126391863786283,,bradley_terry_hfa,0.0,-1.0
2025-12-31,Oklahoma City Thunder,Portland Trail Blazers,124.0,95.0,False,False,2025-12-31|Portland Trail Blazers|Oklahoma City Thunder,,,,2025-12-31|Portland Trail Blazers|Oklahoma City Thunder,0.988055025068667,"[{""p_home_win"": 0.988055025068667, ""weight"": 1.0}]",4.415427707485335,,bradley_terry_hfa,1.0,29.0
2026-01-01,Brooklyn Nets,Houston Rockets,96.0,120.0,False,False,2026-01-01|Houston Rockets|Brooklyn Nets,,,,2026-01-01|Houston Rockets|Brooklyn Nets,6.529145020111699e-09,"[{""p_home_win"": 6.529145020111699e-09, ""weight"": 1.0}]",-18.84698982677133,,bradley_terry_hfa,0.0,-24.0
2026-01-01,Detroit Pistons,Miami Heat,112.0,118.0,False,False,2026-01-01|Miami Heat|Detroit Pistons,,,,2026-01-01|Miami Heat|Detroit Pistons,0.29730495885335867,"[{""p_home_win"": 0.29730495885335867, ""weight"": 1.0}]",-0.8601645918235361,,bradley_terry_hfa,0.0,-6.0
2026-01-01,Dallas Mavericks,Philadelphia 76ers,108.0,123.0,False,False,2026-01-01|Philadelphia 76ers|Dallas Mavericks,,,,2026-01-01|Philadelphia 76ers|Dallas Mavericks,4.341020011147747e-06,"[{""p_home_win"": 4.341020011147747e-06, ""weight"": 1.0}]",-12.347396870826639,,bradley_terry_hfa,0.0,-15.0
2026-01-01,Sacramento Kings,Boston Celtics,106.0,120.0,False,False,2026-01-01|Boston Celtics|Sacramento Kings,,,,2026-01-01|Boston Celtics|Sacramento Kings,3.788105820243918e-08,"[{""p_home_win"": 3.788105820243918e-08, ""weight"": 1.0}]",-17.088814595487214,,bradley_terry_hfa,0.0,-14.0
2026-01-01,Los Angeles Clippers,Utah Jazz,118.0,101.0,False,False,2026-01-01|Utah Jazz|Los Angeles Clippers,,,,2026-01-01|Utah Jazz|Los Angeles Clippers,0.00032465039173753613,"[{""p_home_win"": 0.00032465039173753613, ""weight"": 1.0}]",-8.032436969262692,,bradley_terry_hfa,1.0,17.0
2026-01-02,Indiana Pacers,San Antonio Spurs,,,False,False,2026-01-02|San Antonio Spurs|Indiana Pacers,,,,2026-01-02|San Antonio Spurs|Indiana Pacers,1.5077029166592045e-11,"[{""p_home_win"": 1.5077029166592045e-11, ""weight"": 1.0}]",-24.91784877760957,,bradley_terry_hfa,0.5,
2026-01-02,Washington Wizards,Brooklyn Nets,,,False,False,2026-01-02|Brooklyn Nets|Washington Wizards,,,,2026-01-02|Brooklyn Nets|Washington Wizards,8.152547383484742e-05,"[{""p_home_win"": 8.152547383484742e-05, ""weight"": 1.0}]",-9.414513495366922,,bradley_terry_hfa,0.5,
2026-01-02,Cleveland Cavaliers,Denver Nuggets,,,False,False,2026-01-02|Denver Nuggets|Cleveland Cavaliers,,,,2026-01-02|Denver Nuggets|Cleveland Cavaliers,4.405168387068288e-06,"[{""p_home_win"": 4.405168387068288e-06, ""weight"": 1.0}]",-12.332727667779436,,bradley_terry_hfa,0.5,
2026-01-02,New York Knicks,Atlanta Hawks,,,False,False,2026-01-02|Atlanta Hawks|New York Knicks,,,,2026-01-02|Atlanta Hawks|New York Knicks,0.6934745651157563,"[{""p_home_win"": 0.6934745651157563, ""weight"": 1.0}]",0.8164138260958342,,bradley_terry_hfa,0.5,
2026-01-02,Chicago Bulls,Orlando Magic,,,False,False,2026-01-02|Orlando Magic|Chicago Bulls,,,,2026-01-02|Orlando Magic|Chicago Bulls,1.0769250737054793e-05,"[{""p_home_win"": 1.0769250737054793e-05, ""weight"": 1.0}]",-11.438804869354412,,bradley_terry_hfa,0.5,
2026-01-02,Milwaukee Bucks,Charlotte Hornets,,,False,False,2026-01-02|Charlotte Hornets|Milwaukee Bucks,,,,2026-01-02|Charlotte Hornets|Milwaukee Bucks,0.006107104457699,"[{""p_home_win"": 0.006107104457699, ""weight"": 1.0}]",-5.0921766912080875,,bradley_terry_hfa,0.5,
2026-01-02,New Orleans Pelicans,Portland Trail Blazers,,,False,False,2026-01-02|Portland Trail Blazers|New Orleans Pelicans,,,,2026-01-02|Portland Trail Blazers|New Orleans Pelicans,1.252880660755859e-06,"[{""p_home_win"": 1.252880660755859e-06, ""weight"": 1.0}]",-13.590063876517345,,bradley_terry_hfa,0.5,
2026-01-02,Phoenix Suns,Sacramento Kings,,,False,False,2026-01-02|Sacramento Kings|Phoenix Suns,,,,2026-01-02|Sacramento Kings|Phoenix Suns,0.9288832493112219,"[{""p_home_win"": 0.9288832493112219, ""weight"": 1.0}]",2.569660154974585,,bradley_terry_hfa,0.5,
2026-01-02,Golden State Warriors,Oklahoma City Thunder,,,False,False,2026-01-02|Oklahoma City Thunder|Golden State Warriors,,,,2026-01-02|Oklahoma City Thunder|Golden State Warriors,3.123854362150776e-07,"[{""p_home_win"": 3.123854362150776e-07, ""weight"": 1.0}]",-14.979027726711937,,bradley_terry_hfa,0.5,
2026-01-02,Los Angeles Lakers,Memphis Grizzlies,,,False,False,2026-01-02|Memphis Grizzlies|Los Angeles Lakers,,,,2026-01-02|Memphis Grizzlies|Los Angeles Lakers,0.6155867997186594,"[{""p_home_win"": 0.6155867997186594, ""weight"": 1.0}]",0.4708579423142769,,bradley_terry_hfa,0.5,
